3.81685e-07
6.028e-07
2.03118e-07
5.69667e-07
3.19372e-07
5.78989e-07
3.53323e-07
1.98649e-07
4.03108e-07
2.15902e-07
1.43247e-07
5.10478e-07
1.2732e-07
1.73729e-07
2.33833e-07
2.49845e-07
2.92971e-07
2.7818e-07
1.98498e-07
1.92296e-07
3.33241e-07
1.77295e-07
9.2666e-07
1.79598e-07
3.07185e-07
1.07552e-07
2.05618e-07
2.73846e-07
8.394e-07
3.62397e-07
4.68321e-07
1.83528e-07
3.74712e-07
1.92831e-07
2.15685e-07
1.66872e-07
4.40397e-07
4.86628e-07
3.99081e-07
5.36832e-07
1.26704e-07
2.53876e-07
2.19724e-07
1.01629e-07
7.19763e-08
3.96507e-07
1.88222e-07
2.49938e-07
2.8832e-07
9.06516e-08
3.62889e-07
1.31285e-07
1.94839e-07
2.44981e-07
2.6247e-07
3.34353e-07
1.3803e-07
2.38275e-07
2.41539e-07
2.514e-07
3.1486e-07
1.43445e-07
3.98213e-07
2.40124e-07
4.64328e-07
2.07979e-07
2.0125e-07
2.88518e-07
1.33285e-07
4.1295e-07
2.31046e-07
2.42116e-07
3.47303e-07
2.18662e-07
4.39881e-07
3.56823e-07
3.20585e-07
7.84622e-07
2.74932e-07
2.00013e-07
3.25097e-07
2.43496e-07
1.86094e-07
3.37962e-07
3.96379e-07
1.65481e-07
2.05498e-07
3.26585e-07
4.75437e-07
1.10401e-07
1.89067e-07
2.79897e-07
4.8907e-07
2.47589e-07
2.30379e-07
1.6831e-07
4.02038e-07
3.88922e-07
5.10454e-07
2.21487e-07
2.02072e-07
2.58741e-07
8.38582e-07
4.57316e-07
1.72442e-07
2.7021e-07
1.93234e-07
2.69319e-07
3.12085e-07
7.79882e-08
4.43079e-07
1.11346e-07
1.50213e-07
2.09184e-07
2.46628e-07
2.36717e-07
1.26111e-07
2.89401e-07
1.99389e-07
3.45846e-07
3.73917e-07
2.05901e-07
5.57697e-07
1.40991e-07
1.13447e-07
2.36403e-07
3.14802e-07
2.14037e-07
2.49582e-07
1.22735e-07
1.70264e-07
2.7637e-07
4.27175e-07
2.60547e-07
5.86985e-07
2.65621e-07
2.53857e-07
1.47313e-07
1.83431e-07
4.09915e-07
5.7588e-07
2.00599e-07
2.30926e-07
1.51313e-07
3.90503e-07
1.96285e-07
1.35204e-07
1.35576e-07
2.45279e-07
7.09452e-07
1.04249e-07
3.42671e-07
3.20562e-07
4.0055e-07
2.21507e-07
4.37625e-07
3.35179e-07
1.45697e-07
1.11265e-07
4.48413e-07
4.5546e-07
1.68287e-07
3.45175e-07
1.76415e-07
6.72877e-07
2.50686e-07
1.56341e-07
3.70998e-07
3.8946e-07
3.26659e-07
2.65113e-07
2.3286e-07
2.70951e-07
4.64941e-07
1.3539e-07
2.77157e-07
1.45394e-07
3.0784e-07
1.40185e-07
6.52612e-07
1.38204e-07
4.50161e-07
3.41974e-07
1.41925e-07
2.30786e-07
2.67427e-07
3.1881e-07
3.25767e-07
2.1256e-07
2.09987e-07
1.45844e-07
3.01258e-07
1.03931e-07
3.79987e-07
2.96906e-07
1.11796e-07
3.68521e-07
9.20486e-07
1.51406e-07
1.81873e-07
2.89956e-07
2.47895e-07
1.35305e-07
7.19224e-07
5.43716e-07
3.67893e-07
2.7004e-07
2.11603e-07
4.69739e-07
2.61636e-07
1.35468e-07
2.37701e-07
4.83147e-07
2.00323e-07
4.91488e-07
2.06262e-07
2.69935e-07
2.43732e-07
2.98778e-07
1.32646e-07
4.73658e-07
1.416e-07
4.18198e-07
2.29375e-07
2.04603e-07
1.92284e-07
1.1799e-07
2.01203e-07
2.77273e-07
4.65898e-07
3.05755e-07
5.40537e-07
3.14651e-07
1.61589e-07
2.22782e-07
2.64819e-07
3.17453e-07
2.67594e-07
1.59705e-07
2.71145e-07
2.29705e-07
1.02679e-07
2.76482e-07
2.95731e-07
1.92625e-07
5.03632e-07
4.06457e-07
3.99786e-07
2.48613e-07
2.22154e-07
3.88906e-07
5.02706e-07
7.01262e-07
3.07728e-07
2.41721e-07
3.08515e-07
3.1948e-07
1.2489e-07
8.09162e-07
1.66252e-07
1.83803e-07
1.23316e-07
5.40243e-07
1.28107e-07
3.21845e-07
3.3664e-07
2.98165e-07
1.10618e-06
2.19487e-07
1.40045e-07
4.8693e-07
2.52872e-07
2.3836e-07
4.62464e-07
6.27433e-07
2.61458e-07
2.58051e-07
2.41271e-07
3.84301e-07
1.58236e-07
3.18356e-07
4.18097e-07
3.86728e-07
2.34775e-07
2.63171e-07
3.96457e-07
7.09146e-07
1.42344e-07
2.10293e-07
2.83657e-07
6.32139e-07
2.89576e-07
1.68892e-07
1.82815e-07
2.81692e-07
1.90369e-07
2.87901e-07
1.96215e-07
2.20379e-07
1.69826e-07
3.03805e-07
1.62403e-07
3.34923e-07
4.78135e-07
3.98469e-07
4.74685e-07
3.98794e-07
1.32533e-07
2.77579e-07
1.92765e-07
2.29286e-07
1.37479e-07
2.33282e-07
2.80145e-07
2.48915e-07
4.33059e-07
2.54415e-07
2.54342e-07
1.82346e-07
2.41601e-07
1.91296e-07
5.7981e-07
5.67818e-07
4.03283e-07
1.8402e-07
3.53556e-07
2.91793e-07
3.60463e-07
3.18996e-07
4.45292e-07
3.89418e-07
3.50974e-07
1.31975e-07
1.83753e-07
1.73252e-07
4.29044e-07
2.4293e-07
3.62079e-07
7.08464e-07
2.55605e-07
4.63018e-07
3.38423e-07
1.59729e-07
1.40387e-07
2.47566e-07
6.46965e-07
5.36595e-07
2.51241e-07
8.4749e-07
3.24915e-07
3.44923e-07
2.80145e-07
1.62093e-07
8.91767e-07
2.11677e-07
1.33549e-07
3.96147e-07
1.84668e-07
4.19656e-07
1.1963e-07
1.58601e-07
2.38829e-07
5.12303e-07
2.0399e-07
3.28357e-07
4.57874e-07
1.74908e-07
2.25976e-07
7.95038e-08
1.21649e-07
1.62558e-07
6.52973e-07
2.90099e-07
4.02818e-07
4.36214e-07
1.50317e-07
4.74794e-07
2.75474e-07
1.44294e-07
5.288e-07
3.11546e-07
1.75795e-07
4.4594e-07
9.44115e-08
1.41181e-07
3.40051e-07
2.42031e-07
3.9355e-07
2.53675e-07
3.04638e-07
2.91452e-07
3.16627e-07
2.79478e-07
2.41659e-07
4.60859e-07
2.01758e-07
2.53074e-07
2.44046e-07
2.11088e-07
1.973e-07
5.21133e-07
1.24812e-07
2.19115e-07
3.34706e-07
5.2266e-07
2.81808e-07
7.2174e-07
4.15113e-07
1.73869e-07
1.16194e-06
1.69826e-07
2.84645e-07
2.21708e-07
3.06484e-07
2.57931e-07
4.22718e-07
2.68354e-07
1.77299e-07
3.94786e-07
2.16014e-07
3.90177e-07
1.53635e-07
4.07391e-07
3.45532e-07
1.66675e-07
1.8421e-07
3.87069e-07
3.13085e-07
2.73881e-07
5.6824e-07
2.64036e-07
1.79342e-07
2.39228e-07
1.36964e-07
1.73985e-07
3.08712e-07
1.26413e-07
1.66667e-07
2.07223e-07
4.67321e-07
2.48899e-07
2.33949e-07
2.16204e-07
4.05097e-07
2.7973e-07
5.9285e-07
5.15009e-07
3.94275e-07
4.50161e-07
1.51496e-07
3.39667e-07
2.53586e-07
2.23677e-07
2.43066e-07
5.01237e-07
3.96666e-07
2.41783e-07
1.95312e-07
2.09436e-07
3.68568e-07
1.83047e-07
1.71814e-07
3.39218e-07
2.33236e-07
1.54515e-07
4.14694e-07
4.54711e-07
3.14209e-07
5.34913e-07
4.13461e-07
1.85524e-07
2.95243e-07
3.80879e-07
2.96212e-07
1.71434e-07
1.45422e-07
1.28107e-07
1.92695e-07
2.43132e-07
5.1549e-07
2.92642e-07
3.29306e-07
2.62276e-07
2.46415e-07
3.67913e-07
3.76623e-07
4.30098e-07
4.4313e-07
5.66663e-07
2.69521e-07
4.70666e-07
2.91084e-07
2.55458e-07
2.06738e-07
3.48098e-07
1.58682e-07
3.17236e-07
6.5407e-07
4.78953e-07
1.84319e-07
1.45658e-07
4.16299e-07
2.64117e-07
1.79667e-07
3.72029e-07
4.97845e-07
2.26325e-07
1.14905e-07
4.41897e-07
3.30097e-07
1.68946e-07
5.72368e-07
1.3253e-07
2.80544e-07
5.47204e-07
5.27618e-07
9.25963e-07
2.58117e-07
3.73053e-07
1.80939e-07
1.77443e-07
1.82133e-07
1.78842e-07
3.73816e-07
2.2696e-07
4.79988e-07
6.87765e-07
2.14448e-07
1.59697e-07
5.46906e-07
2.61908e-07
1.79148e-07
4.07953e-07
1.97056e-07
4.08236e-07
3.07166e-07
3.30628e-07
2.0175e-07
1.59856e-07
2.60609e-07
2.88545e-07
9.12904e-07
3.12588e-07
3.86076e-07
4.44529e-07
1.39045e-07
2.75738e-07
1.70097e-07
2.82909e-07
4.50622e-07
4.29187e-07
1.9016e-07
3.81549e-07
7.45121e-07
1.84222e-07
2.82719e-07
1.6555e-07
3.97825e-07
2.26007e-07
1.93579e-07
1.52317e-07
3.40795e-07
1.48933e-07
2.2548e-07
3.02557e-07
5.57197e-07
2.21479e-07
1.78896e-07
2.10638e-07
1.60399e-07
2.7042e-07
2.70873e-07
2.51349e-07
1.53658e-07
2.64939e-07
1.8452e-07
4.7698e-07
1.46929e-07
3.65839e-07
2.20181e-07
1.51201e-07
1.95118e-07
9.10636e-07
3.11503e-07
2.88192e-07
3.27519e-07
1.86958e-07
1.92315e-07
6.2658e-07
1.92691e-07
1.86292e-07
7.31655e-07
5.67771e-07
1.30929e-07
3.20756e-07
2.62981e-07
1.22676e-07
5.34789e-07
4.5275e-07
6.86265e-07
3.35989e-07
1.21103e-07
6.36418e-07
1.94738e-07
5.55484e-07
4.75786e-07
2.40422e-07
8.17473e-07
1.25874e-07
2.37864e-07
3.23515e-07
2.44624e-07
2.03378e-07
1.3265e-07
2.73118e-07
2.44205e-07
2.30162e-07
2.98115e-07
1.78016e-07
2.97886e-07
2.0261e-07
2.24503e-07
2.336e-07
1.32913e-07
2.45829e-07
4.51359e-07
4.43296e-07
3.69207e-07
2.2629e-07
1.5474e-07
1.67244e-07
1.50744e-07
1.55984e-07
2.53028e-07
4.12551e-07
2.32375e-07
3.08057e-07
2.55574e-07
6.17715e-07
3.15236e-07
2.94681e-07
1.59721e-07
3.40183e-07
4.38129e-07
4.4963e-07
1.71857e-07
2.95468e-07
2.4307e-07
3.5587e-07
2.29588e-07
3.32516e-07
1.77477e-07
3.34923e-07
2.99727e-07
4.59588e-07
6.53329e-07
6.57469e-07
5.83644e-07
1.00695e-07
2.57892e-07
4.1057e-07
2.17534e-07
6.87823e-07
1.48236e-07
3.1491e-07
3.76285e-07
2.2253e-07
2.30523e-07
2.55656e-07
2.74684e-07
5.58972e-07
2.66187e-07
3.85367e-07
1.53484e-07
2.29472e-07
2.75296e-07
1.63628e-07
1.96668e-07
3.59947e-07
3.6801e-07
3.24589e-07
2.19669e-07
6.99502e-07
3.89317e-07
1.50984e-07
2.97491e-07
1.98812e-07
1.71163e-07
3.25709e-07
6.59066e-07
3.27105e-07
3.28132e-07
3.02828e-07
3.39733e-07
2.57904e-07
2.70358e-07
3.49063e-07
1.81175e-07
4.15248e-07
3.62905e-07
1.88594e-07
4.5458e-07
3.55501e-07
2.51082e-07
3.55943e-07
1.53135e-07
4.00496e-07
2.68342e-07
2.66811e-07
5.71729e-07
2.17906e-07
2.43857e-07
4.51153e-07
2.21511e-07
5.59666e-07
1.05411e-06
9.00624e-08
1.88966e-07
1.32092e-07
8.28644e-08
3.05301e-07
4.93295e-07
1.18641e-07
1.72229e-07
1.85082e-07
1.50507e-07
3.71087e-07
6.40251e-07
1.80536e-07
3.89154e-07
5.28168e-07
4.02089e-07
3.73374e-07
3.93604e-07
1.97215e-07
2.0944e-07
2.84878e-07
3.28264e-07
1.45875e-07
4.89337e-07
1.9149e-07
1.36351e-07
1.26432e-07
2.92386e-07
2.68148e-07
2.62129e-07
4.78511e-07
2.51733e-07
4.03864e-07
2.73567e-07
2.20034e-07
2.16196e-07
1.84016e-07
3.86452e-07
6.76807e-07
1.88338e-07
2.2279e-07
5.24769e-07
2.27988e-07
2.3805e-07
3.35004e-07
1.67737e-07
2.82967e-07
3.53087e-07
3.22992e-07
8.41831e-07
5.11218e-07
2.44039e-07
2.688e-07
2.12297e-07
3.98538e-07
5.58298e-07
3.37683e-07
4.23334e-07
2.87134e-07
1.94742e-07
4.10961e-07
4.48827e-07
1.18479e-06
3.75719e-07
4.38191e-07
4.56064e-07
5.42394e-07
2.61133e-07
9.29463e-08
1.74287e-07
2.39131e-07
2.44961e-07
3.06286e-07
4.1807e-07
2.54442e-07
2.86134e-07
4.52254e-07
1.67423e-07
2.28681e-07
1.61279e-07
2.55768e-07
3.4628e-07
2.88688e-07
2.56543e-07
3.22736e-07
2.14154e-07
2.75552e-07
2.26139e-07
1.92579e-07
2.53435e-07
4.61549e-07
1.50445e-07
1.93478e-07
2.3719e-07
2.67951e-07
2.76994e-07
1.12515e-06
1.66155e-07
5.07966e-07
2.51934e-07
5.30029e-07
6.71001e-07
4.05469e-07
3.89123e-07
3.15736e-07
1.72086e-07
2.01738e-07
3.75603e-07
2.19417e-07
3.15724e-07
2.40077e-07
3.33776e-07
4.76127e-07
2.03079e-07
4.95744e-07
1.38414e-07
2.45085e-07
8.37423e-07
2.24255e-07
1.80036e-07
5.03605e-07
4.53572e-07
2.07556e-07
1.11451e-07
4.15361e-07
2.15173e-07
2.52636e-07
1.60643e-07
1.66051e-07
1.89466e-07
1.44852e-07
1.65938e-07
2.30763e-07
9.26025e-07
2.038e-07
1.99808e-07
1.82939e-07
5.00311e-07
8.9274e-07
2.18049e-07
2.51458e-07
1.42042e-07
2.31906e-07
3.33469e-07
2.88777e-07
3.44419e-07
1.52275e-07
2.90444e-07
1.98366e-07
1.19335e-07
2.87118e-07
3.04557e-07
5.43061e-07
2.64668e-07
2.84839e-07
5.21385e-07
3.10131e-07
1.92265e-07
2.51388e-07
1.17436e-07
3.65579e-07
3.74743e-07
1.87303e-07
2.50279e-07
3.9255e-07
1.91428e-07
2.40632e-07
3.36384e-07
1.227e-07
6.63078e-07
4.7567e-07
2.52671e-07
4.88756e-07
5.44851e-07
6.16099e-07
1.5738e-07
1.39251e-07
2.28976e-07
2.89863e-07
1.88284e-07
1.59663e-07
1.61674e-07
3.98333e-07
4.88779e-07
1.99145e-07
3.57091e-07
6.47159e-07
1.0785e-07
3.00886e-07
3.2605e-07
2.58873e-07
3.16213e-07
5.99087e-07
1.51856e-07
2.71214e-07
3.08836e-07
4.25873e-07
3.17496e-07
3.08588e-07
5.78326e-07
2.5647e-07
2.79474e-07
2.664e-07
3.03565e-07
4.03748e-07
2.46899e-07
3.08918e-07
3.24372e-07
2.12987e-07
1.61853e-07
1.70334e-07
2.33015e-07
2.45252e-07
2.29298e-07
2.57253e-07
3.43361e-07
1.95098e-07
6.32429e-07
2.54729e-07
3.41175e-07
2.27906e-07
7.48462e-07
2.23538e-07
4.13865e-07
3.42198e-07
3.62843e-07
1.79993e-07
4.70736e-07
3.53807e-07
2.64036e-07
1.8571e-07
4.66627e-07
4.32734e-07
5.72616e-07
6.34367e-07
4.26059e-07
2.84409e-07
3.63889e-07
1.77136e-07
2.66028e-07
3.30423e-07
2.067e-07
1.86482e-07
3.69161e-07
2.83967e-07
2.57617e-07
1.66252e-07
5.25071e-07
5.33448e-07
3.03429e-07
7.66482e-07
2.46186e-07
2.85289e-07
2.80273e-07
1.0799e-07
1.80826e-07
3.7301e-07
1.80811e-07
1.86989e-07
1.26405e-07
2.53012e-07
2.27643e-07
2.0925e-07
2.35399e-07
7.16104e-07
3.53385e-07
5.75442e-07
2.70614e-07
2.53214e-07
2.15363e-07
3.6023e-07
2.01413e-07
1.88435e-07
2.21933e-07
1.63752e-07
1.11769e-07
1.93587e-07
2.25592e-07
2.42682e-07
3.33826e-07
2.57628e-07
1.07773e-07
2.2703e-07
2.689e-07
