8.14922e-08
4.94365e-08
7.30151e-08
1.0116e-07
5.54755e-08
5.82159e-08
6.91002e-08
7.21972e-08
7.72556e-08
9.02872e-08
7.46198e-08
1.04579e-07
8.4473e-08
1.09094e-07
9.76674e-08
1.0554e-07
6.91699e-08
7.5147e-08
8.24341e-08
8.11356e-08
9.85202e-08
9.86752e-08
8.51785e-08
1.01989e-07
8.38412e-08
8.34148e-08
8.31319e-08
5.68554e-08
7.91394e-08
5.60996e-08
6.88947e-08
7.60462e-08
8.34613e-08
8.60351e-08
1.29095e-07
8.52211e-08
1.1604e-07
6.6038e-08
8.79383e-08
6.31968e-08
8.94384e-08
8.14496e-08
8.47676e-08
8.64421e-08
6.80187e-08
5.81811e-08
8.0434e-08
6.78288e-08
8.78763e-08
8.08527e-08
6.88288e-08
9.14074e-08
7.44454e-08
1.15432e-07
7.86123e-08
5.10489e-08
6.26154e-08
6.64838e-08
1.44666e-07
1.12281e-07
1.31022e-07
1.1061e-07
4.6979e-08
7.53873e-08
9.12214e-08
1.01075e-07
8.03759e-08
8.95585e-08
6.13517e-08
6.49566e-08
1.02365e-07
7.33407e-08
7.22554e-08
1.22141e-07
1.04137e-07
6.15339e-08
6.83598e-08
1.01222e-07
8.89655e-08
7.67827e-08
5.2642e-08
8.47715e-08
1.05071e-07
8.10581e-08
9.3799e-08
6.52124e-08
6.98095e-08
9.92915e-08
6.44604e-08
9.34192e-08
1.05486e-07
8.88104e-08
8.37249e-08
6.33867e-08
1.06873e-07
7.8589e-08
9.32951e-08
9.26556e-08
7.92557e-08
7.73525e-08
5.57042e-08
1.29184e-07
6.91351e-08
9.84969e-08
8.26163e-08
3.76995e-08
5.48902e-08
4.49324e-08
1.06528e-07
7.98798e-08
9.94505e-08
7.44803e-08
9.0826e-08
9.5113e-08
6.41387e-08
9.29463e-08
1.16401e-07
1.20424e-07
6.67396e-08
6.5538e-08
8.47366e-08
6.66543e-08
7.95929e-08
6.43635e-08
5.53747e-08
5.87857e-08
8.02868e-08
6.53403e-08
1.13474e-07
7.13755e-08
8.45118e-08
8.02712e-08
4.87232e-08
6.1937e-08
7.84766e-08
9.34037e-08
7.91433e-08
9.43378e-08
9.2892e-08
4.9324e-08
9.4582e-08
5.81849e-08
7.86937e-08
5.38126e-08
8.19341e-08
5.15296e-08
6.16308e-08
8.51009e-08
1.71841e-07
7.54532e-08
1.36968e-07
9.8431e-08
1.06362e-07
7.07243e-08
6.24797e-08
8.3566e-08
9.86752e-08
8.52017e-08
6.8449e-08
9.62565e-08
7.08367e-08
9.29269e-08
5.62352e-08
8.91942e-08
7.82556e-08
7.78215e-08
1.35964e-07
1.17289e-07
7.20654e-08
8.66049e-08
7.23251e-08
6.74257e-08
6.39953e-08
4.86922e-08
6.93327e-08
6.55419e-08
7.98836e-08
9.58805e-08
8.14496e-08
9.77527e-08
1.06296e-07
6.43286e-08
1.1773e-07
9.16865e-08
9.56557e-08
5.84989e-08
9.30199e-08
7.52594e-08
8.57638e-08
9.04849e-08
7.05886e-08
9.67992e-08
1.10048e-07
9.08183e-08
5.29289e-08
5.61228e-08
6.8856e-08
1.02714e-07
7.48214e-08
9.19734e-08
1.00644e-07
8.87329e-08
5.04249e-08
9.85124e-08
8.00348e-08
8.02635e-08
1.51313e-07
1.29142e-07
8.95818e-08
1.16075e-07
9.15547e-08
8.99384e-08
8.21318e-08
6.27433e-08
1.1097e-07
8.11666e-08
6.03052e-08
5.14986e-08
7.84495e-08
7.73448e-08
1.24936e-07
9.73961e-08
9.73496e-08
1.12653e-07
5.92354e-08
9.2047e-08
6.58713e-08
8.49498e-08
6.341e-08
7.94573e-08
1.09703e-07
7.95852e-08
1.29801e-07
1.0642e-07
6.75071e-08
1.06873e-07
6.58907e-08
8.34264e-08
5.69213e-08
7.84921e-08
5.72469e-08
9.20548e-08
8.945e-08
7.72362e-08
5.57856e-08
1.05478e-07
7.62207e-08
9.42254e-08
1.02059e-07
5.82353e-08
5.9999e-08
8.01007e-08
7.10305e-08
8.21628e-08
7.81394e-08
7.86743e-08
8.1624e-08
6.51775e-08
8.82794e-08
1.14598e-07
6.64605e-08
1.07408e-07
1.05881e-07
7.70269e-08
6.5945e-08
9.28145e-08
8.47482e-08
6.85188e-08
1.07641e-07
5.77198e-08
7.86316e-08
1.01373e-07
1.18083e-07
8.85391e-08
7.44028e-08
1.03261e-07
7.6337e-08
8.23527e-08
5.5491e-08
6.66078e-08
1.01392e-07
5.62895e-08
6.68753e-08
8.34691e-08
7.17786e-08
9.55472e-08
1.08641e-07
9.84116e-08
8.56242e-08
1.17851e-07
8.22054e-08
8.41513e-08
7.70308e-08
6.43248e-08
9.83535e-08
9.11981e-08
6.4441e-08
1.11416e-07
8.9198e-08
9.32912e-08
6.57977e-08
6.99684e-08
7.63796e-08
7.01312e-08
5.47468e-08
1.18862e-07
7.96317e-08
8.82019e-08
9.59968e-08
1.07288e-07
6.88172e-08
8.53606e-08
9.85202e-08
5.27583e-08
6.64799e-08
9.18028e-08
9.25083e-08
9.36013e-08
8.08062e-08
1.04377e-07
6.25572e-08
1.03846e-07
7.743e-08
1.24498e-07
1.20165e-07
9.92566e-08
4.91806e-08
7.27903e-08
8.66049e-08
8.91631e-08
7.82944e-08
8.99306e-08
7.78952e-08
1.33971e-07
1.17269e-07
1.4991e-07
1.17897e-07
7.82789e-08
1.08377e-07
7.22515e-08
7.51935e-08
1.12478e-07
5.78787e-08
8.77755e-08
6.33712e-08
7.26003e-08
8.51009e-08
8.7415e-08
5.14792e-08
9.16284e-08
9.49968e-08
7.9151e-08
8.69382e-08
6.70613e-08
7.26701e-08
7.61276e-08
7.51005e-08
5.07466e-08
7.69067e-08
1.23002e-07
6.76311e-08
6.2313e-08
1.42689e-07
7.26779e-08
8.85081e-08
8.20969e-08
8.73103e-08
9.07175e-08
9.47797e-08
8.90972e-08
6.51349e-08
9.85783e-08
8.27985e-08
1.00199e-07
1.14502e-07
6.25611e-08
7.24259e-08
8.84887e-08
1.00691e-07
6.82009e-08
5.60957e-08
1.04924e-07
8.98066e-08
1.48546e-07
7.77595e-08
9.87954e-08
6.00726e-08
9.31672e-08
6.11463e-08
7.83603e-08
9.97295e-08
8.49808e-08
7.32128e-08
1.31196e-07
9.49696e-08
7.73641e-08
7.77556e-08
6.66582e-08
6.09758e-08
7.62245e-08
9.18377e-08
7.64494e-08
6.89258e-08
5.23901e-08
9.63263e-08
6.44139e-08
1.03699e-07
6.04098e-08
7.97363e-08
1.07951e-07
7.68757e-08
7.43059e-08
8.97872e-08
1.04082e-07
8.25349e-08
1.19874e-07
1.38824e-07
8.91786e-08
6.31735e-08
1.13366e-07
1.17924e-07
8.40854e-08
7.68098e-08
8.90895e-08
7.88138e-08
6.94684e-08
7.03328e-08
1.56073e-07
1.11862e-07
6.4034e-08
7.91743e-08
8.26124e-08
9.82062e-08
9.3268e-08
8.29962e-08
5.99408e-08
8.14612e-08
4.79015e-08
4.89364e-08
9.23687e-08
7.88952e-08
9.6555e-08
6.54101e-08
8.46591e-08
7.62401e-08
7.08134e-08
6.80769e-08
7.97673e-08
9.65899e-08
9.28067e-08
7.87479e-08
8.78414e-08
9.31788e-08
9.73108e-08
5.25955e-08
9.43301e-08
6.10649e-08
8.27249e-08
8.28256e-08
8.34885e-08
6.96312e-08
9.39618e-08
8.50002e-08
7.83332e-08
1.26909e-07
9.9121e-08
1.16486e-07
7.93914e-08
6.29914e-08
6.91467e-08
5.90222e-08
5.73438e-08
9.77682e-08
9.45239e-08
9.97334e-08
9.56363e-08
1.11835e-07
5.68709e-08
6.60186e-08
9.10159e-08
6.45263e-08
8.87833e-08
6.77203e-08
7.28368e-08
7.88022e-08
8.36668e-08
8.7039e-08
4.66921e-08
6.61969e-08
9.98536e-08
9.8086e-08
6.37007e-08
6.25805e-08
9.76132e-08
7.16662e-08
9.98264e-08
6.85614e-08
9.88574e-08
7.12359e-08
8.65816e-08
8.15853e-08
8.96632e-08
1.37867e-07
5.72624e-08
7.53214e-08
5.12466e-08
8.76166e-08
5.25335e-08
8.32598e-08
9.2861e-08
7.18871e-08
7.0732e-08
8.62173e-08
9.60162e-08
6.25689e-08
5.87198e-08
7.68757e-08
4.81069e-08
7.21236e-08
6.47628e-08
9.30432e-08
8.7508e-08
9.57177e-08
9.78651e-08
1.00544e-07
8.01666e-08
1.19296e-07
7.15305e-08
8.20582e-08
9.20974e-08
9.32098e-08
6.0813e-08
6.14293e-08
8.0686e-08
5.31614e-08
8.03953e-08
1.00241e-07
6.90071e-08
1.51558e-07
6.01036e-08
1.66632e-07
1.33095e-07
6.73792e-08
7.45694e-08
1.07711e-07
5.33901e-08
8.85275e-08
6.17277e-08
6.23169e-08
7.23445e-08
7.04064e-08
1.58833e-07
4.99985e-08
6.84916e-08
6.47201e-08
9.31905e-08
1.11765e-07
1.0261e-07
5.58282e-08
8.85585e-08
7.85076e-08
5.94602e-08
8.36125e-08
1.18893e-07
1.07652e-07
1.14672e-07
5.71035e-08
8.85081e-08
9.39386e-08
1.00055e-07
8.19264e-08
1.15203e-07
1.08211e-07
6.03246e-08
6.50612e-08
9.90202e-08
1.47557e-07
6.61621e-08
7.22631e-08
4.19671e-08
7.2581e-08
1.15358e-07
9.57914e-08
7.76355e-08
1.09889e-07
8.12946e-08
8.75933e-08
1.01629e-07
5.79291e-08
7.78952e-08
7.2705e-08
5.84601e-08
6.85459e-08
4.78434e-08
9.55007e-08
6.50147e-08
9.34889e-08
1.48623e-07
9.68999e-08
1.11804e-07
1.02412e-07
6.37782e-08
7.33484e-08
9.51906e-08
6.63907e-08
9.4175e-08
6.74528e-08
4.60216e-08
6.46852e-08
6.3441e-08
9.80705e-08
6.0561e-08
6.19215e-08
9.89427e-08
1.09056e-07
1.31874e-07
9.57177e-08
4.57192e-08
5.0545e-08
9.21749e-08
8.02596e-08
5.27583e-08
9.164e-08
8.0124e-08
7.31508e-08
8.01085e-08
7.72866e-08
8.53025e-08
8.07093e-08
9.17524e-08
7.03832e-08
1.15695e-07
8.98376e-08
8.17868e-08
1.36456e-07
5.68632e-08
7.26972e-08
5.21071e-08
1.06303e-07
7.16391e-08
4.96884e-08
6.4379e-08
8.47482e-08
9.42176e-08
7.88177e-08
8.8415e-08
6.24952e-08
8.87368e-08
7.35306e-08
6.28169e-08
9.22524e-08
7.63835e-08
5.11885e-08
4.24594e-08
6.75148e-08
7.93991e-08
7.21933e-08
6.58481e-08
8.86244e-08
9.34192e-08
5.3708e-08
1.01249e-07
6.28053e-08
6.24448e-08
5.46848e-08
9.33106e-08
8.75894e-08
7.91162e-08
8.50544e-08
8.44304e-08
6.44333e-08
7.18522e-08
7.82983e-08
7.97402e-08
7.79766e-08
5.55957e-08
6.19215e-08
6.6728e-08
6.341e-08
1.1449e-07
8.53568e-08
7.52129e-08
7.92906e-08
6.30921e-08
6.51659e-08
6.19797e-08
5.06264e-08
7.15266e-08
8.47405e-08
7.61587e-08
5.67895e-08
7.474e-08
1.13529e-07
6.46852e-08
9.26478e-08
9.60782e-08
6.24913e-08
7.59726e-08
1.03334e-07
1.02885e-07
8.37249e-08
6.56039e-08
1.0316e-07
8.84267e-08
6.74877e-08
5.93478e-08
9.35277e-08
9.53456e-08
7.11778e-08
7.4519e-08
7.46935e-08
7.57478e-08
9.04965e-08
5.91191e-08
7.29104e-08
7.1484e-08
6.11696e-08
6.61659e-08
6.38906e-08
8.27597e-08
9.7931e-08
9.26904e-08
7.12863e-08
6.01773e-08
8.34536e-08
1.16106e-07
8.4818e-08
8.67909e-08
1.19471e-07
8.35156e-08
1.03051e-07
8.41552e-08
1.16947e-07
1.06745e-07
8.33412e-08
6.91273e-08
9.04074e-08
6.67512e-08
1.11079e-07
7.05033e-08
1.05284e-07
1.09373e-07
5.88322e-08
8.60196e-08
7.76742e-08
1.11521e-07
9.17757e-08
7.89262e-08
8.25504e-08
7.38291e-08
6.38131e-08
6.60186e-08
1.21533e-07
9.31091e-08
7.07786e-08
8.75545e-08
7.71393e-08
6.53015e-08
6.47666e-08
7.94999e-08
8.04844e-08
6.87319e-08
6.60845e-08
7.59881e-08
7.1515e-08
7.30655e-08
6.75846e-08
8.3973e-08
9.03803e-08
9.0795e-08
1.01191e-07
1.85955e-07
9.02368e-08
7.2988e-08
1.07203e-07
9.69116e-08
7.85076e-08
5.53515e-08
9.23881e-08
1.01191e-07
6.07044e-08
7.96084e-08
7.12708e-08
1.07897e-07
1.05284e-07
1.07424e-07
1.12664e-07
8.99539e-08
9.57875e-08
6.45767e-08
8.18915e-08
1.27657e-07
9.3423e-08
7.73448e-08
5.57081e-08
7.59648e-08
8.81941e-08
9.36556e-08
8.77328e-08
5.9592e-08
7.87092e-08
8.89189e-08
7.41702e-08
6.23828e-08
6.3317e-08
8.97252e-08
5.89834e-08
7.19375e-08
1.03881e-07
9.37913e-08
1.23758e-07
9.61596e-08
1.14618e-07
8.09341e-08
1.0649e-07
7.79494e-08
8.39226e-08
1.05288e-07
1.14785e-07
1.28925e-07
7.9996e-08
7.58369e-08
8.62056e-08
8.44652e-08
6.97708e-08
7.6744e-08
9.87799e-08
7.52284e-08
7.58679e-08
6.63559e-08
1.11405e-07
8.20039e-08
9.2202e-08
7.0294e-08
8.73026e-08
8.7415e-08
7.455e-08
1.21715e-07
8.07907e-08
6.52046e-08
8.82367e-08
9.26052e-08
5.86113e-08
7.73176e-08
7.58369e-08
5.97586e-08
7.91162e-08
1.12668e-07
9.1764e-08
6.99646e-08
1.08009e-07
1.00113e-07
8.64653e-08
7.30112e-08
9.50471e-08
1.01784e-07
9.82915e-08
1.08087e-07
1.123e-07
9.21478e-08
5.98284e-08
1.29967e-07
5.63631e-08
6.79722e-08
1.15556e-07
1.70698e-07
6.32549e-08
6.83521e-08
7.30577e-08
8.00658e-08
8.90895e-08
6.44992e-08
5.82973e-08
1.09273e-07
8.33799e-08
9.02756e-08
8.4597e-08
5.089e-08
6.23673e-08
6.28673e-08
8.23217e-08
8.56824e-08
7.01235e-08
1.06044e-07
8.29148e-08
1.07459e-07
1.1304e-07
7.96278e-08
8.64188e-08
7.24298e-08
7.43679e-08
7.66742e-08
1.17289e-07
8.28024e-08
7.65346e-08
6.85846e-08
7.93138e-08
9.70124e-08
1.4184e-07
1.28347e-07
6.82358e-08
9.85434e-08
1.02664e-07
8.39924e-08
1.04854e-07
1.0152e-07
5.87819e-08
7.73099e-08
6.28828e-08
9.27331e-08
1.00419e-07
7.28872e-08
6.81505e-08
9.56983e-08
7.57982e-08
1.02679e-07
6.70071e-08
1.10028e-07
9.19889e-08
6.23208e-08
8.8822e-08
6.98832e-08
6.64915e-08
8.20233e-08
7.05266e-08
8.34071e-08
1.34208e-07
6.89335e-08
6.44682e-08
6.25805e-08
9.00779e-08
8.60312e-08
1.62981e-07
7.18794e-08
8.75352e-08
7.29647e-08
7.21933e-08
1.04334e-07
8.45118e-08
1.11032e-07
8.75119e-08
5.65453e-08
8.15155e-08
9.01554e-08
7.19453e-08
8.33916e-08
6.83133e-08
1.07005e-07
8.49188e-08
9.28145e-08
8.06007e-08
1.07145e-07
1.15711e-07
9.20935e-08
5.19056e-08
6.4317e-08
1.41549e-07
7.26042e-08
4.49556e-08
9.4396e-08
6.46038e-08
7.86006e-08
1.03307e-07
8.34574e-08
6.8228e-08
8.80274e-08
8.07248e-08
9.04772e-08
9.87256e-08
8.31551e-08
8.96089e-08
5.12737e-08
5.46189e-08
7.76006e-08
7.05382e-08
9.58844e-08
7.98177e-08
6.44217e-08
1.10083e-07
8.86244e-08
6.81273e-08
5.92005e-08
7.71626e-08
6.99956e-08
1.59775e-07
6.27123e-08
6.62628e-08
7.05188e-08
1.0273e-07
9.16555e-08
4.75953e-08
6.53171e-08
9.76713e-08
1.19289e-07
9.95086e-08
1.01489e-07
4.72658e-08
7.79727e-08
9.32912e-08
6.61737e-08
