8.34497e-08
7.01855e-08
6.43751e-08
8.96515e-08
7.0732e-08
9.27176e-08
6.18518e-08
6.57899e-08
9.76635e-08
6.03711e-08
6.04796e-08
5.71267e-08
6.9011e-08
6.87862e-08
7.5961e-08
5.15722e-08
7.31663e-08
5.40878e-08
6.65923e-08
6.46969e-08
9.39037e-08
6.39875e-08
1.20692e-07
6.9856e-08
7.77169e-08
8.74964e-08
8.0624e-08
6.34022e-08
5.18242e-08
5.40491e-08
5.85105e-08
6.18208e-08
7.1484e-08
8.23101e-08
5.5867e-08
8.89926e-08
5.76655e-08
7.1453e-08
6.11579e-08
8.79654e-08
8.2345e-08
6.70613e-08
5.69639e-08
6.35805e-08
9.37951e-08
6.62241e-08
7.71781e-08
8.9043e-08
5.30219e-08
9.20819e-08
8.38916e-08
5.36343e-08
7.0732e-08
7.10615e-08
7.79378e-08
1.03106e-07
6.77396e-08
6.42705e-08
6.72202e-08
8.77096e-08
6.46814e-08
5.2611e-08
7.58137e-08
5.75454e-08
7.40578e-08
5.89834e-08
5.13784e-08
7.62013e-08
6.46e-08
6.3596e-08
7.14646e-08
6.48325e-08
8.9388e-08
4.95837e-08
5.60182e-08
8.93104e-08
7.74106e-08
8.86903e-08
6.90459e-08
8.45893e-08
5.3208e-08
8.29807e-08
7.58873e-08
4.701e-08
7.89999e-08
6.16347e-08
6.50302e-08
7.8182e-08
8.06356e-08
1.00935e-07
7.30655e-08
8.22946e-08
7.61819e-08
7.11545e-08
6.70923e-08
9.91869e-08
1.18878e-07
1.18409e-07
7.71665e-08
7.46935e-08
7.14414e-08
8.86825e-08
6.34759e-08
7.83293e-08
8.00774e-08
7.38989e-08
7.54958e-08
4.98434e-08
9.80938e-08
5.24482e-08
7.79262e-08
8.87058e-08
7.24724e-08
8.09535e-08
6.45961e-08
5.65414e-08
5.94602e-08
5.61267e-08
5.69252e-08
6.63714e-08
7.52943e-08
7.28445e-08
7.24802e-08
5.7871e-08
6.59101e-08
7.34182e-08
8.34768e-08
7.70114e-08
8.54808e-08
7.06002e-08
6.43596e-08
7.64726e-08
5.13862e-08
8.06472e-08
7.91588e-08
1.08114e-07
8.67987e-08
6.42976e-08
6.7166e-08
5.61577e-08
5.8557e-08
8.06124e-08
7.931e-08
5.70919e-08
7.60773e-08
7.22941e-08
7.06506e-08
9.81519e-08
8.63297e-08
9.40393e-08
8.48063e-08
6.58597e-08
7.21585e-08
5.14172e-08
6.36309e-08
6.26696e-08
9.59193e-08
1.2494e-07
6.09137e-08
6.25611e-08
1.03943e-07
5.29793e-08
6.19603e-08
7.75928e-08
8.39769e-08
8.89926e-08
8.02325e-08
7.02243e-08
4.413e-08
4.91457e-08
5.65725e-08
6.92979e-08
4.89015e-08
5.50918e-08
7.15189e-08
6.36038e-08
6.79955e-08
8.77483e-08
9.56673e-08
8.40854e-08
4.81767e-08
8.9167e-08
8.36784e-08
7.86782e-08
7.39841e-08
5.31188e-08
8.82019e-08
7.95076e-08
7.18949e-08
5.94873e-08
7.11817e-08
5.35878e-08
7.76355e-08
1.07524e-07
8.6415e-08
5.85725e-08
1.00947e-07
5.85958e-08
7.37554e-08
7.80618e-08
8.20659e-08
5.6774e-08
6.5538e-08
8.23295e-08
7.75851e-08
8.38489e-08
6.77474e-08
7.46896e-08
6.58907e-08
5.24443e-08
7.36081e-08
6.00145e-08
6.19409e-08
7.45656e-08
1.07711e-07
6.06734e-08
7.58602e-08
6.92358e-08
7.96356e-08
5.50646e-08
8.82561e-08
7.04762e-08
6.39255e-08
9.31478e-08
5.56654e-08
9.19346e-08
6.35301e-08
7.75657e-08
7.58757e-08
9.51479e-08
7.40539e-08
6.59644e-08
6.18208e-08
5.33281e-08
8.01085e-08
7.34531e-08
6.53791e-08
7.3143e-08
6.38441e-08
4.63239e-08
5.50995e-08
9.2923e-08
8.33916e-08
7.43291e-08
7.98643e-08
6.44721e-08
7.61742e-08
7.24453e-08
7.58989e-08
7.2453e-08
7.64145e-08
9.00857e-08
7.21701e-08
7.2453e-08
5.34521e-08
8.12868e-08
7.64416e-08
7.51509e-08
6.67318e-08
7.42012e-08
4.44672e-08
6.09486e-08
7.69998e-08
8.54304e-08
6.97436e-08
6.07509e-08
7.53873e-08
8.60506e-08
5.953e-08
6.98948e-08
7.07437e-08
6.44139e-08
7.13794e-08
6.04021e-08
7.23368e-08
1.01412e-07
5.56577e-08
6.95149e-08
8.54382e-08
7.2798e-08
4.87194e-08
4.989e-08
5.14094e-08
7.912e-08
1.19696e-07
4.38974e-08
6.51891e-08
5.8685e-08
8.0779e-08
5.96772e-08
4.88201e-08
6.06192e-08
6.22743e-08
5.21614e-08
1.14091e-07
8.55467e-08
6.33441e-08
4.62503e-08
7.33484e-08
6.55109e-08
4.56611e-08
4.70487e-08
8.30776e-08
8.31047e-08
1.01423e-07
1.25266e-07
7.73758e-08
8.55118e-08
1.02303e-07
8.57017e-08
1.16079e-07
6.02432e-08
5.14249e-08
6.84839e-08
7.34105e-08
1.02009e-07
5.57817e-08
8.12907e-08
7.05382e-08
7.83409e-08
8.68103e-08
6.31735e-08
7.75192e-08
7.36818e-08
6.52434e-08
1.05974e-07
7.72789e-08
6.09486e-08
6.89723e-08
7.82556e-08
1.19963e-07
1.0159e-07
8.19884e-08
8.10969e-08
8.88182e-08
7.14375e-08
4.92659e-08
7.50384e-08
7.03057e-08
4.54053e-08
8.97988e-08
6.25223e-08
8.10542e-08
4.65836e-08
9.4582e-08
7.46547e-08
7.42748e-08
4.86225e-08
7.43446e-08
6.22665e-08
9.20858e-08
7.8465e-08
9.46208e-08
7.41818e-08
7.02785e-08
8.97407e-08
5.04481e-08
4.69208e-08
6.00377e-08
7.35151e-08
5.89912e-08
1.09556e-07
5.16924e-08
8.45738e-08
9.12756e-08
6.18363e-08
5.35568e-08
6.24099e-08
6.1061e-08
8.39924e-08
6.6697e-08
8.33412e-08
8.53219e-08
9.20199e-08
6.3627e-08
6.59993e-08
6.48752e-08
6.92281e-08
7.69881e-08
6.31076e-08
6.17936e-08
6.25456e-08
8.08643e-08
1.00334e-07
4.65681e-08
7.81898e-08
7.09724e-08
7.31042e-08
7.28755e-08
9.17098e-08
6.92824e-08
5.63166e-08
9.83535e-08
8.50118e-08
5.78089e-08
6.12742e-08
4.85915e-08
5.95416e-08
7.405e-08
8.57134e-08
4.98783e-08
4.8169e-08
8.43451e-08
8.43877e-08
5.48243e-08
8.15775e-08
6.84761e-08
8.25e-08
6.02083e-08
7.2798e-08
6.87164e-08
7.8527e-08
6.11386e-08
7.50772e-08
7.01661e-08
7.52516e-08
9.80085e-08
5.61771e-08
5.49018e-08
4.47269e-08
6.68094e-08
1.00811e-07
9.77953e-08
7.94883e-08
5.04443e-08
5.97354e-08
5.31072e-08
7.55501e-08
8.42443e-08
7.58834e-08
4.9952e-08
6.29487e-08
7.86045e-08
6.52163e-08
6.33596e-08
6.18789e-08
9.00585e-08
7.65656e-08
7.4519e-08
7.60269e-08
4.82659e-08
4.83899e-08
9.73069e-08
5.10257e-08
8.09767e-08
7.62556e-08
7.86626e-08
7.15964e-08
6.30611e-08
4.75992e-08
1.34227e-07
8.23682e-08
1.04458e-07
7.45849e-08
6.90692e-08
8.55079e-08
7.63912e-08
6.53597e-08
7.27515e-08
6.42666e-08
6.82319e-08
5.05179e-08
8.557e-08
8.58723e-08
1.14354e-07
8.91438e-08
5.66771e-08
8.04922e-08
7.84921e-08
5.67469e-08
6.91506e-08
1.07443e-07
1.10722e-07
7.43872e-08
7.97131e-08
5.65608e-08
6.85924e-08
6.51e-08
1.06606e-07
9.10198e-08
6.32472e-08
7.00576e-08
5.98904e-08
7.56121e-08
7.19336e-08
6.57938e-08
5.73632e-08
9.07407e-08
8.90701e-08
8.87368e-08
6.71001e-08
5.42816e-08
8.62095e-08
7.26236e-08
7.15538e-08
5.82004e-08
7.10576e-08
4.56611e-08
7.1298e-08
6.54954e-08
6.06967e-08
7.02669e-08
7.90115e-08
8.89189e-08
8.44226e-08
5.62856e-08
5.70105e-08
6.20029e-08
9.1892e-08
1.01493e-07
4.76418e-08
6.92087e-08
6.79955e-08
9.76054e-08
4.77426e-08
6.65187e-08
7.50695e-08
9.55937e-08
7.01855e-08
6.35379e-08
8.97523e-08
6.05804e-08
7.80696e-08
5.73903e-08
8.35311e-08
7.25422e-08
5.59368e-08
7.16313e-08
5.17544e-08
6.898e-08
7.65346e-08
5.81423e-08
6.88792e-08
4.8731e-08
8.19225e-08
6.42356e-08
6.93134e-08
7.03987e-08
8.21202e-08
1.06819e-07
1.06307e-07
7.8434e-08
7.305e-08
1.07815e-07
6.71001e-08
7.07398e-08
6.83831e-08
5.05877e-08
1.01617e-07
6.20068e-08
6.12471e-08
6.77513e-08
6.51387e-08
4.54518e-08
6.89374e-08
4.46533e-08
1.2049e-07
7.90309e-08
8.3566e-08
6.08091e-08
7.91007e-08
6.32433e-08
7.42942e-08
5.04636e-08
7.02979e-08
6.04525e-08
5.43785e-08
6.75032e-08
8.4818e-08
7.97131e-08
7.84533e-08
7.47439e-08
7.55966e-08
6.05416e-08
6.94994e-08
7.55811e-08
5.11652e-08
1.15157e-07
5.67236e-08
5.37816e-08
8.10697e-08
5.54445e-08
7.36973e-08
5.5053e-08
4.83085e-08
8.03333e-08
5.18668e-08
6.82203e-08
6.6445e-08
9.00275e-08
7.62904e-08
1.01555e-07
1.12172e-07
4.46959e-08
5.40762e-08
7.2453e-08
6.52473e-08
7.98294e-08
5.09482e-08
9.93419e-08
5.01574e-08
6.71815e-08
7.33523e-08
6.02432e-08
7.18135e-08
6.20611e-08
5.0138e-08
1.06133e-07
1.00497e-07
8.27946e-08
8.29032e-08
5.80803e-08
5.39793e-08
9.76403e-08
5.41537e-08
7.88293e-08
8.95546e-08
5.90571e-08
8.03178e-08
7.05305e-08
9.41944e-08
9.69852e-08
7.9341e-08
5.74019e-08
5.03629e-08
6.85963e-08
8.89732e-08
6.84063e-08
6.84374e-08
1.20037e-07
5.19831e-08
4.632e-08
7.92169e-08
6.75536e-08
4.22307e-08
8.60467e-08
6.0406e-08
8.90895e-08
4.97776e-08
6.6352e-08
7.85464e-08
6.18014e-08
8.32675e-08
7.17321e-08
8.4973e-08
9.82101e-08
7.86316e-08
5.0921e-08
8.18217e-08
5.73322e-08
7.03716e-08
7.79959e-08
7.40927e-08
9.6086e-08
6.40263e-08
7.00343e-08
4.06841e-08
4.04089e-08
9.11361e-08
6.36774e-08
6.82435e-08
9.41905e-08
8.77832e-08
7.00498e-08
9.90938e-08
7.70928e-08
8.19651e-08
5.427e-08
6.81777e-08
1.12432e-07
6.25185e-08
6.84529e-08
6.08517e-08
9.20741e-08
6.88133e-08
5.74717e-08
6.98793e-08
6.91312e-08
5.63244e-08
6.43325e-08
5.23785e-08
4.701e-08
1.0054e-07
1.01423e-07
6.92901e-08
6.73443e-08
1.01338e-07
6.92397e-08
7.94418e-08
5.88322e-08
1.11831e-07
8.72406e-08
7.7713e-08
4.59479e-08
6.66621e-08
1.01427e-07
4.85604e-08
8.47598e-08
5.94757e-08
4.24749e-08
1.20765e-07
6.58481e-08
7.73215e-08
8.3376e-08
7.40694e-08
6.97475e-08
1.0171e-07
6.2472e-08
5.88245e-08
7.27089e-08
9.03841e-08
7.14956e-08
5.43708e-08
1.0202e-07
6.2189e-08
7.45966e-08
6.17471e-08
7.88371e-08
6.50612e-08
1.10428e-07
8.28063e-08
5.86772e-08
8.79034e-08
1.00078e-07
7.75734e-08
7.1705e-08
6.02664e-08
6.09215e-08
6.76854e-08
9.28339e-08
8.06899e-08
6.8356e-08
8.09922e-08
7.53214e-08
6.72551e-08
1.15893e-07
7.0608e-08
6.68985e-08
9.70007e-08
7.69765e-08
4.73433e-08
6.35922e-08
6.01463e-08
7.01777e-08
5.90261e-08
5.61112e-08
1.31355e-07
8.00891e-08
5.60763e-08
5.01729e-08
7.38446e-08
8.00154e-08
7.18484e-08
9.1109e-08
4.74557e-08
8.02131e-08
6.83792e-08
1.55155e-07
6.30534e-08
9.96016e-08
4.85682e-08
5.04016e-08
4.14903e-08
6.55341e-08
5.43592e-08
6.23053e-08
7.72479e-08
8.80313e-08
8.30078e-08
6.6852e-08
5.20722e-08
8.62522e-08
5.82276e-08
8.77096e-08
7.11933e-08
8.47753e-08
7.33484e-08
1.17823e-07
6.21464e-08
6.03091e-08
8.77639e-08
6.2972e-08
7.46857e-08
6.13711e-08
1.11835e-07
7.28755e-08
6.69915e-08
6.59295e-08
7.51237e-08
5.59368e-08
5.83787e-08
8.55855e-08
5.65066e-08
7.28755e-08
6.91544e-08
6.92242e-08
6.45573e-08
7.57206e-08
6.48054e-08
7.08832e-08
6.8197e-08
8.26512e-08
9.42487e-08
7.94534e-08
6.46465e-08
9.79155e-08
8.07325e-08
9.59929e-08
6.78521e-08
6.779e-08
7.26701e-08
9.31788e-08
1.04478e-07
6.81311e-08
5.57313e-08
6.08866e-08
5.34211e-08
7.7182e-08
4.71301e-08
6.0061e-08
1.19858e-07
5.80958e-08
8.71979e-08
1.26618e-07
6.2189e-08
1.03753e-07
7.12011e-08
7.68564e-08
8.12287e-08
6.8604e-08
7.74688e-08
6.38557e-08
6.82939e-08
5.3487e-08
1.00989e-07
6.12548e-08
8.08992e-08
6.86816e-08
6.71854e-08
8.60816e-08
8.96128e-08
6.22626e-08
6.81079e-08
7.85541e-08
7.0046e-08
9.73457e-08
1.01679e-07
7.1891e-08
8.7853e-08
8.26163e-08
6.89296e-08
8.39924e-08
8.05348e-08
7.48873e-08
7.89921e-08
5.57895e-08
8.76514e-08
6.09951e-08
7.46159e-08
5.68593e-08
6.29642e-08
6.66931e-08
4.89364e-08
7.16429e-08
5.95648e-08
6.61931e-08
1.10773e-07
8.17907e-08
9.18609e-08
9.9652e-08
7.70734e-08
5.50763e-08
5.05605e-08
7.45694e-08
9.98458e-08
5.62391e-08
1.04532e-07
6.2658e-08
7.91976e-08
9.08105e-08
8.67057e-08
5.08086e-08
7.36314e-08
6.74877e-08
8.39342e-08
5.90299e-08
1.05978e-07
1.15998e-07
7.19724e-08
7.86898e-08
8.71359e-08
9.63457e-08
5.68477e-08
4.25524e-08
8.62522e-08
8.89228e-08
6.34643e-08
1.08486e-07
7.40655e-08
9.32292e-08
5.71733e-08
6.3127e-08
5.87431e-08
6.61427e-08
5.55918e-08
6.17006e-08
9.73651e-08
1.07742e-07
5.83749e-08
9.94194e-08
9.1454e-08
6.05067e-08
8.71786e-08
9.19191e-08
7.06274e-08
5.41847e-08
6.51736e-08
6.33015e-08
6.51465e-08
8.83957e-08
6.95227e-08
6.93327e-08
4.86729e-08
8.39575e-08
9.58069e-08
6.41426e-08
7.57439e-08
8.06782e-08
7.06972e-08
7.0891e-08
6.37743e-08
8.11201e-08
6.82358e-08
7.96627e-08
3.80599e-08
8.59731e-08
7.6992e-08
5.4646e-08
7.95387e-08
8.10193e-08
8.19225e-08
4.74092e-08
6.37084e-08
6.97436e-08
1.0302e-07
5.30839e-08
5.42002e-08
6.42007e-08
5.84136e-08
1.09025e-07
5.69484e-08
7.1422e-08
8.01007e-08
6.25262e-08
9.16904e-08
6.28053e-08
8.64615e-08
7.38833e-08
6.80032e-08
7.41469e-08
9.43843e-08
6.629e-08
7.35616e-08
6.56233e-08
9.15741e-08
6.57899e-08
6.02819e-08
5.26692e-08
4.13392e-08
8.93608e-08
8.61514e-08
5.96385e-08
6.84063e-08
7.30267e-08
9.5241e-08
8.53219e-08
1.04738e-07
9.39386e-08
8.51474e-08
5.19676e-08
6.19022e-08
4.50331e-08
7.92169e-08
1.0247e-07
7.57129e-08
5.35297e-08
9.58611e-08
8.21279e-08
6.60613e-08
9.0357e-08
6.42123e-08
1.05404e-07
8.08333e-08
7.49299e-08
8.24264e-08
7.94844e-08
4.43509e-08
5.1204e-08
9.81481e-08
8.96825e-08
