9.57776e-05
2.17839e-05
4.95346e-05
5.21187e-05
7.11346e-05
7.23365e-05
8.41042e-05
0.00034791
7.0561e-05
2.29373e-05
0.000109563
1.54543e-05
0.000176095
8.296e-05
0.000220965
0.000138036
4.37134e-05
7.0484e-05
2.6577e-06
2.62607e-05
1.73581e-05
1.11988e-05
5.96529e-05
3.91729e-05
1.92764e-05
1.59351e-05
1.24568e-05
8.20144e-07
4.77931e-05
0.00023359
1.40613e-05
2.69505e-05
1.07316e-06
7.5593e-06
0.000277099
2.0183e-05
5.20556e-06
6.3384e-06
1.12686e-05
3.29814e-05
0.000123907
0.000106104
2.76855e-05
4.42803e-05
0.000200175
5.17645e-05
9.36424e-05
7.86689e-05
2.84527e-05
3.45534e-06
0.000243045
3.12263e-05
7.87772e-05
2.06307e-05
4.2282e-05
5.96104e-05
6.86131e-05
4.88792e-05
7.56126e-05
2.25968e-07
3.59191e-06
5.95447e-05
1.69674e-05
0.000358189
1.74658e-05
9.70005e-05
1.59956e-05
4.16661e-05
0.000106134
5.68862e-05
4.73039e-05
0.000178936
8.98037e-05
0.000128508
2.15768e-05
1.61946e-05
9.31869e-06
3.34827e-05
1.19774e-05
2.53453e-05
6.26511e-05
7.80298e-05
0.000107495
5.83865e-06
0.000112901
3.87019e-05
3.62075e-05
0.000199047
3.84784e-05
3.51787e-05
1.41694e-05
8.66588e-06
0.000123244
1.12884e-05
5.70531e-05
1.74059e-05
3.59151e-06
1.13196e-05
0.000142237
2.97077e-05
5.42592e-07
6.26124e-05
1.6736e-05
6.85872e-05
2.60271e-05
5.41594e-05
1.5798e-05
1.92093e-05
1.8196e-05
0.000123541
2.64538e-05
7.36709e-05
0.000241363
9.51126e-05
2.44784e-05
3.44829e-06
0.000135685
3.65964e-05
6.2049e-05
5.70162e-05
1.04251e-05
1.59597e-05
8.44486e-06
0.000314283
1.15131e-05
2.07057e-05
2.72918e-05
6.96733e-05
5.657e-05
8.1601e-05
2.08802e-05
6.36294e-05
3.99303e-05
8.95957e-07
0.000121463
0.000119597
2.2346e-05
2.61413e-05
4.89071e-05
0.000226603
4.61306e-05
1.62868e-05
5.42879e-06
5.86277e-05
3.57895e-05
2.78621e-05
0.000134812
6.80169e-05
6.8136e-05
1.42298e-05
8.28467e-05
7.97914e-05
7.50185e-05
3.82043e-06
0.000113956
2.44228e-06
3.38129e-05
2.12016e-05
2.94214e-05
9.50635e-05
2.19131e-05
2.01374e-05
8.13169e-05
3.35551e-05
9.67909e-05
5.68907e-06
0.000173416
3.5103e-06
3.4797e-05
5.97348e-05
2.66127e-05
2.51844e-05
3.27686e-05
4.86537e-05
9.20468e-05
2.49351e-05
0.000153259
1.34079e-05
2.23747e-05
0.000100797
8.14089e-06
5.05726e-05
9.78209e-07
5.46281e-05
2.17459e-05
1.25601e-05
4.25221e-05
0.00016384
1.82539e-06
1.98957e-05
9.6121e-06
2.69438e-05
1.92346e-05
0.000109265
6.53506e-05
1.62611e-05
3.20676e-05
0.000363583
5.43599e-05
6.90173e-06
1.5153e-05
5.57232e-05
0.000135868
7.76403e-05
5.06466e-05
0.000177786
1.03212e-05
2.73677e-05
5.01092e-05
3.48107e-05
3.99236e-05
5.73323e-05
6.48957e-05
6.26637e-05
0.000103899
0.000107256
1.96077e-05
0.000251532
5.24067e-06
0.000106864
3.41919e-05
6.76634e-05
5.89247e-06
5.25644e-05
8.58197e-05
1.93173e-05
2.16782e-05
0.000212296
6.13479e-05
3.08875e-05
2.64682e-05
8.79627e-06
8.22552e-06
0.000314317
9.01992e-05
5.54719e-05
1.46497e-05
5.13696e-05
0.000205847
3.89602e-05
0.000112319
0.000205979
0.000158684
3.95136e-05
5.40887e-05
7.25397e-05
1.00549e-05
4.82493e-05
7.91049e-05
0.000239528
7.80579e-05
6.15084e-05
8.91838e-05
6.01636e-05
0.000108886
0.000329947
1.03351e-05
0.000230481
3.14547e-05
7.91207e-06
7.4265e-06
0.000252397
4.71088e-05
3.18336e-05
2.70078e-05
8.24148e-05
9.18968e-06
3.23795e-05
9.43054e-05
5.67651e-05
0.000173293
0.000106523
3.25267e-05
0.000145404
2.63147e-05
0.000108741
0.000124908
0.000104864
1.58045e-05
0.000341635
2.68569e-05
0.000130934
9.91767e-06
9.5061e-05
8.36537e-05
6.11827e-05
0.00018155
9.99399e-05
8.0731e-05
0.000184317
5.51996e-06
6.44851e-05
5.17957e-05
0.000160799
5.99972e-05
6.05802e-05
0.000136666
0.000166971
2.32765e-06
1.78884e-06
9.00804e-06
2.13852e-05
7.69862e-05
9.44293e-05
1.91486e-05
2.76719e-05
1.68569e-05
3.99037e-06
6.43667e-05
2.54147e-05
2.72782e-05
3.25774e-05
6.60497e-05
0.000144826
8.61675e-06
7.27587e-05
6.05585e-05
0.000243877
0.000202263
6.1577e-05
3.26649e-05
5.75636e-06
9.6325e-06
4.61126e-05
5.96472e-05
6.78459e-05
6.64584e-05
3.4081e-05
0.00012088
6.62466e-05
4.26974e-05
8.73934e-05
2.05717e-05
4.9185e-05
0.000356491
5.08873e-05
9.38024e-05
1.51207e-05
2.34963e-05
5.58718e-05
4.25424e-05
5.96209e-06
6.92009e-06
4.71856e-05
6.29378e-06
4.55767e-05
7.28505e-05
5.41575e-05
0.000366527
3.65954e-06
8.87808e-05
1.4143e-05
2.17713e-05
4.46276e-05
0.000189657
6.78275e-05
0.000148479
9.01934e-05
0.000179034
5.66556e-05
3.52421e-06
0.000143997
7.95822e-06
4.43751e-05
1.62761e-05
4.60288e-05
6.4249e-05
4.53782e-05
1.86085e-05
4.27003e-05
0.00012191
1.9182e-05
0.000198635
4.45639e-05
2.829e-05
2.40273e-05
6.54977e-05
7.26344e-05
2.37109e-05
5.73806e-05
0.000102175
0.000198009
6.43234e-06
0.0001198
2.93152e-05
5.17574e-05
0.000115282
0.000129447
0.000177515
8.47294e-05
4.36041e-05
1.9848e-06
0.000221455
0.000125415
8.56293e-05
0.00019245
1.05749e-05
0.000196653
0.000103099
1.25565e-05
1.73719e-05
7.99012e-05
3.67139e-05
2.0788e-05
1.60934e-05
0.000114201
0.000199077
2.71126e-05
4.03888e-05
1.46487e-05
2.07796e-06
0.000201643
4.95354e-06
3.19394e-05
5.81602e-05
2.36595e-05
3.74987e-05
7.99009e-05
1.36567e-05
3.09974e-05
4.05015e-05
0.000153226
8.46116e-06
8.41587e-05
5.34511e-05
6.56236e-05
3.56039e-05
2.19221e-05
3.10328e-05
7.09867e-05
6.96098e-06
0.000102012
1.57481e-05
1.16255e-05
0.000115661
8.39812e-05
2.87833e-05
1.80316e-05
0.000125091
0.000144827
0.000215372
8.47167e-06
7.07998e-05
1.28811e-05
9.61291e-05
4.73764e-05
2.75107e-05
2.1533e-05
6.67681e-06
9.05857e-05
7.51336e-05
8.47194e-05
3.01858e-05
0.00011006
1.03548e-05
8.2425e-06
1.06475e-05
8.42438e-05
5.02091e-06
1.01196e-05
0.000140141
7.09579e-06
0.000112355
0.000122408
3.64432e-05
3.47741e-05
8.85259e-05
5.32439e-06
3.72755e-05
2.2694e-05
6.40634e-05
9.15448e-06
7.82405e-05
0.000122798
8.56486e-05
1.46114e-05
0.000135102
3.57805e-05
3.81315e-05
8.45329e-05
2.63564e-05
1.23939e-05
1.80998e-05
6.32e-05
8.69413e-07
0.00030777
0.00026438
3.20759e-05
3.54431e-05
3.86419e-05
5.7059e-05
1.0369e-05
3.23211e-05
2.6816e-05
2.83969e-05
2.93378e-05
4.34506e-05
1.35046e-05
3.26386e-05
0.000148816
4.78941e-05
2.31329e-05
8.51104e-05
3.38199e-05
5.29736e-05
5.75085e-05
8.11539e-05
8.23696e-05
0.000149463
2.5649e-05
9.81918e-05
7.15119e-07
1.78781e-05
9.72279e-07
0.000221087
0.000127241
7.2758e-05
9.76777e-06
7.08267e-05
0.000355822
7.84122e-05
8.02313e-05
7.68256e-05
5.50583e-05
4.07855e-05
5.8166e-06
0.000152153
1.27546e-05
8.12082e-05
0.00014537
0.000181854
0.000161354
4.03601e-05
2.64821e-05
4.40646e-05
0.000126319
0.000122222
0.000144862
0.000178075
3.3722e-06
7.54427e-05
9.42934e-05
4.93222e-05
5.01829e-05
2.9293e-05
8.3204e-05
9.46581e-05
1.337e-05
5.35729e-06
4.42228e-05
1.54208e-05
5.52264e-06
0.000175063
4.23905e-05
1.4899e-05
2.49867e-05
3.86802e-05
6.48497e-05
1.03145e-05
8.08581e-05
3.72708e-05
1.04595e-05
1.80212e-05
4.14204e-05
1.65399e-05
7.51705e-06
8.77489e-05
5.49938e-06
7.87913e-07
5.09809e-05
1.35378e-05
4.82835e-05
2.62115e-06
5.79962e-07
0.00030672
1.45838e-05
0.00012209
4.06125e-05
0.000210712
1.16883e-05
0.00017322
0.000191912
3.3608e-05
0.000194664
2.02095e-05
5.56883e-06
1.86867e-05
0.000224244
1.87039e-05
9.51474e-05
8.78214e-05
0.000329351
8.94987e-05
1.96044e-05
0.000117673
2.82062e-05
0.000110581
3.66804e-05
5.20592e-05
2.3923e-05
1.49893e-05
0.00015177
8.26308e-06
6.15817e-05
4.90168e-06
2.3014e-05
0.00010082
5.17465e-05
2.08022e-05
0.000153734
0.000149838
3.89372e-05
2.60275e-05
3.11821e-05
1.25966e-05
1.5053e-05
8.38326e-06
1.75294e-05
5.52651e-05
8.69338e-05
1.37883e-05
0.000135086
1.40748e-05
5.82746e-05
2.12824e-05
7.55586e-05
3.27339e-05
5.73808e-05
0.000161691
0.000239425
7.56142e-06
9.60224e-05
6.58892e-06
2.35676e-05
8.74447e-05
6.69316e-05
4.33569e-05
5.91812e-06
2.98734e-05
6.63929e-06
1.72473e-05
8.65834e-06
3.39561e-05
2.18416e-05
6.36022e-05
6.54116e-06
0.000152701
3.537e-05
6.68587e-05
8.56473e-06
0.000245358
2.24686e-05
0.000204119
9.5327e-05
3.70721e-05
2.60737e-05
3.73107e-05
2.44974e-05
7.90746e-05
9.1696e-05
1.46047e-05
2.01838e-05
9.36573e-05
0.00014581
6.45496e-05
1.13847e-05
1.4458e-05
0.000160905
2.19296e-05
1.14092e-05
3.6825e-05
7.36954e-05
0.000255607
6.35184e-05
3.91894e-05
0.000170111
8.73072e-06
4.95891e-05
1.52278e-05
3.79598e-05
4.80232e-05
1.01404e-05
3.10986e-05
9.6825e-06
7.09389e-06
1.41002e-05
4.11074e-06
5.28142e-06
8.95528e-05
1.21864e-05
1.41359e-06
4.48204e-05
3.87003e-05
6.86257e-05
9.54001e-05
4.38953e-05
7.11259e-07
0.000157236
2.0703e-05
2.25337e-05
0.000105513
1.23377e-05
3.52857e-05
1.67273e-05
3.81768e-06
3.99919e-05
1.16613e-05
1.36982e-06
3.08469e-05
9.51365e-05
0.000129171
0.000223486
8.10564e-05
5.99988e-05
0.000149879
2.27952e-05
0.000288077
0.000119452
3.08309e-05
2.2622e-06
7.41735e-05
0.00016461
7.45615e-05
7.70183e-05
3.68335e-05
9.91399e-05
5.50876e-05
1.31832e-05
5.71647e-07
0.000125855
3.85904e-05
8.57075e-05
0.000135805
0.000245329
0.000106211
2.22679e-05
3.68439e-05
5.59063e-05
3.85329e-05
6.50557e-05
2.37984e-05
1.85409e-05
3.24796e-05
1.22148e-05
6.13976e-05
3.47813e-05
5.8874e-05
1.56843e-05
5.2481e-06
0.000221966
0.000283997
6.82085e-05
2.99009e-05
3.20749e-06
6.44424e-05
1.39015e-05
2.06783e-05
2.01923e-05
7.30449e-06
3.30187e-05
0.000113193
9.77911e-05
5.39214e-05
8.08975e-06
3.05345e-05
0.00013344
3.57226e-05
4.99647e-05
8.01914e-05
9.47976e-05
3.49784e-06
5.47586e-05
0.000205446
2.15535e-05
3.44947e-05
4.73339e-05
5.75542e-06
1.39452e-05
3.46419e-05
4.91587e-05
3.47059e-05
8.58608e-05
1.92881e-05
0.000137358
8.80893e-05
0.00013805
7.08844e-05
3.2679e-05
1.12168e-05
2.71278e-05
2.64115e-05
3.04265e-05
0.000130421
7.6308e-06
0.000156278
5.49569e-05
2.31566e-05
4.38722e-05
2.33591e-05
0.000284335
3.01293e-06
1.01192e-05
0.00013713
5.57616e-06
9.45088e-06
4.54629e-05
8.50566e-05
0.000198585
0.000263676
0.00013794
7.23762e-05
1.3031e-05
1.74462e-05
4.68022e-05
1.5203e-05
0.000120823
3.96796e-05
1.72042e-05
5.93219e-05
2.0911e-05
1.96887e-05
0.000184263
1.22582e-05
2.73695e-05
9.53672e-05
0.000188215
4.34321e-05
7.73245e-05
1.68534e-05
6.79858e-05
2.65432e-05
0.000126763
8.02194e-06
1.71707e-05
5.92388e-05
4.63725e-06
0.000290003
6.59775e-05
5.41821e-06
6.03531e-05
5.57967e-05
8.39233e-05
0.000107163
0.000193642
1.78352e-05
0.00011294
0.000109587
6.23835e-05
4.33995e-05
9.58449e-06
5.27164e-06
0.000166674
6.84304e-05
8.52888e-05
4.4663e-05
0.000101495
1.85218e-05
0.000133175
6.25002e-05
5.96893e-05
4.04186e-05
6.54463e-05
4.34715e-05
6.68809e-05
5.73107e-05
3.86126e-05
0.000303905
5.0944e-06
2.4344e-05
1.07546e-05
7.64607e-05
6.06167e-05
1.71799e-05
9.5842e-05
3.24586e-05
1.72143e-05
9.91279e-05
3.07008e-05
3.81161e-05
8.29771e-05
7.6701e-06
1.72566e-07
1.88811e-05
5.98671e-05
5.50064e-05
0.000242981
8.65134e-05
2.15769e-05
0.000169786
5.69122e-06
9.49577e-05
0.00017525
5.1186e-05
3.60102e-05
1.45419e-05
6.45883e-05
2.72734e-05
0.000245886
2.30698e-05
1.38575e-05
6.10584e-05
4.96656e-05
5.74772e-05
6.16841e-05
5.53091e-06
0.000141863
0.000100617
0.000134572
3.38162e-05
0.000106497
6.31865e-05
6.42462e-06
0.000182895
0.000196506
0.000127904
3.31277e-05
0.000146021
1.90516e-05
8.56156e-06
4.84734e-05
3.73472e-05
1.97843e-05
3.84779e-05
1.79596e-05
3.46543e-05
5.84421e-05
5.28307e-05
0.000104526
2.69351e-06
1.93137e-05
0.00026733
3.53897e-07
4.87402e-05
7.1249e-05
1.99633e-05
6.29848e-07
7.86377e-05
3.51889e-05
0.000127407
1.56469e-05
6.36206e-05
1.65582e-05
1.79854e-05
5.42254e-05
1.05748e-05
3.77646e-05
0.000288723
5.86926e-05
0.000277854
0.000266258
1.46021e-05
4.86029e-05
7.86554e-05
0.000141447
8.40241e-05
0.000313068
7.66723e-06
8.19122e-05
2.02182e-05
1.7925e-05
6.34471e-05
3.42767e-05
9.14257e-05
2.19809e-05
2.12798e-05
0.000175652
1.97337e-05
1.36998e-05
0.000128558
7.95855e-05
1.83246e-05
7.79711e-06
6.06724e-05
6.77879e-05
9.93881e-05
0.000136724
7.74065e-06
7.04229e-05
4.32988e-05
1.81146e-05
3.91876e-06
4.79066e-05
6.1973e-05
1.78421e-05
4.71262e-06
3.64634e-05
3.13129e-05
4.96607e-05
1.15526e-05
0.000109763
0.000106217
4.03408e-05
3.20072e-05
8.31213e-05
1.77115e-05
1.65043e-05
2.4407e-05
1.46608e-05
1.25447e-05
2.4618e-05
