2.23654e-07
1.287e-07
1.22203e-07
1.32875e-07
1.69252e-07
1.44724e-07
1.08757e-07
1.35212e-07
1.62973e-07
2.03734e-07
1.51236e-07
2.31689e-07
1.43294e-07
8.99771e-08
1.6612e-07
1.52569e-07
1.16936e-07
1.95401e-07
1.75245e-07
1.58946e-07
1.47526e-07
1.09238e-07
1.40336e-07
1.11304e-07
1.29336e-07
7.99069e-08
1.88203e-07
1.10366e-07
1.10664e-07
1.25246e-07
1.19901e-07
1.14459e-07
1.28425e-07
1.55131e-07
1.07997e-07
1.88656e-07
1.40875e-07
1.27971e-07
2.4193e-07
1.44026e-07
1.06621e-07
2.17615e-07
1.70845e-07
1.35309e-07
8.19651e-08
8.70972e-08
1.19103e-07
9.17369e-08
2.13464e-07
2.31329e-07
2.38314e-07
2.73742e-07
8.0748e-08
1.90486e-07
1.03195e-07
1.23851e-07
1.25413e-07
1.59791e-07
1.39421e-07
2.20728e-07
2.50493e-07
1.13242e-07
1.03579e-07
1.97505e-07
9.59193e-08
1.44201e-07
1.82055e-07
1.28452e-07
1.65097e-07
1.69838e-07
1.66054e-07
1.48453e-07
1.43763e-07
1.29099e-07
1.76187e-07
7.81161e-08
1.87997e-07
2.34302e-07
1.64806e-07
9.44735e-08
1.59457e-07
1.35592e-07
1.44387e-07
1.64988e-07
1.19397e-07
1.68543e-07
2.15398e-07
9.31711e-08
1.53949e-07
9.21672e-08
1.65667e-07
1.73128e-07
9.69736e-08
2.11886e-07
1.44561e-07
9.39463e-08
2.02273e-07
1.18304e-07
1.10257e-07
1.48333e-07
1.74454e-07
7.98565e-08
2.26534e-07
1.053e-07
1.01823e-07
1.53368e-07
2.16402e-07
1.31285e-07
1.6752e-07
1.58542e-07
1.38185e-07
7.34105e-08
1.8904e-07
1.30359e-07
2.0456e-07
7.70308e-08
1.30762e-07
1.02571e-07
1.76129e-07
1.18789e-07
2.50442e-07
1.14881e-07
1.5386e-07
9.73961e-08
1.26304e-07
1.42282e-07
1.45681e-07
9.04268e-08
1.54038e-07
2.42903e-07
1.37483e-07
1.39111e-07
1.30964e-07
2.2998e-07
1.08001e-07
2.27937e-07
2.2703e-07
1.39286e-07
1.30526e-07
8.657e-08
2.25666e-07
1.08152e-07
9.15974e-08
1.39662e-07
1.4029e-07
1.98013e-07
1.29045e-07
1.89823e-07
1.48418e-07
1.96928e-07
1.51116e-07
1.48658e-07
1.33138e-07
1.07745e-07
1.10804e-07
1.90133e-07
1.21878e-07
1.45972e-07
2.05339e-07
1.8847e-07
9.27641e-08
1.39177e-07
1.02753e-07
1.7721e-07
1.94498e-07
1.12339e-07
1.17506e-07
1.49364e-07
1.07742e-07
1.50848e-07
1.39495e-07
1.57829e-07
9.19152e-08
1.78415e-07
1.97176e-07
1.233e-07
1.23355e-07
1.20168e-07
1.10207e-07
1.78361e-07
1.58783e-07
1.67116e-07
1.05691e-07
1.96831e-07
8.01821e-08
1.38162e-07
1.47643e-07
1.44278e-07
1.07885e-07
8.89306e-08
1.22905e-07
1.73283e-07
8.04612e-08
2.9058e-07
2.22836e-07
2.0173e-07
1.04303e-07
1.0304e-07
1.7478e-07
1.36448e-07
1.09621e-07
1.30572e-07
1.13924e-07
1.078e-07
9.99466e-08
1.96451e-07
9.7493e-08
2.27836e-07
1.08618e-07
6.68132e-08
1.55372e-07
1.04563e-07
1.12021e-07
6.67047e-08
8.55971e-08
1.58418e-07
1.69589e-07
1.40452e-07
2.19293e-07
8.96128e-08
1.0649e-07
1.08183e-07
2.23228e-07
2.52341e-07
2.40259e-07
1.65605e-07
1.83431e-07
2.32573e-07
1.32642e-07
1.63779e-07
1.01726e-07
2.793e-07
1.04303e-07
1.87071e-07
1.48472e-07
9.27331e-08
2.03161e-07
1.96374e-07
1.63248e-07
1.12536e-07
1.49174e-07
1.37468e-07
1.72237e-07
1.42464e-07
1.32809e-07
1.52906e-07
8.80623e-08
1.65066e-07
1.02722e-07
1.06102e-07
1.77912e-07
1.16513e-07
1.9685e-07
1.88579e-07
8.82135e-08
2.14281e-07
7.82518e-08
1.82625e-07
1.17692e-07
1.86311e-07
1.85842e-07
1.0311e-07
1.70558e-07
1.25122e-07
1.63093e-07
1.55046e-07
7.4081e-08
1.54635e-07
1.18808e-07
2.23185e-07
1.13688e-07
1.05904e-07
9.04733e-08
1.12843e-07
1.08955e-07
1.75241e-07
1.66857e-07
1.22277e-07
1.29103e-07
1.88811e-07
1.66395e-07
1.30588e-07
5.70143e-08
2.19479e-07
2.19394e-07
9.47177e-08
1.1149e-07
1.60911e-07
1.40259e-07
1.12498e-07
1.04156e-07
2.14045e-07
2.42973e-07
1.29735e-07
1.39658e-07
1.38755e-07
1.62771e-07
8.37675e-08
7.03289e-08
1.45821e-07
1.20723e-07
1.48313e-07
2.67048e-07
1.2563e-07
2.91677e-07
8.73414e-08
1.202e-07
8.01356e-08
1.62376e-07
9.78419e-08
2.31747e-07
1.73078e-07
1.44654e-07
1.01761e-07
1.35871e-07
2.11316e-07
1.13288e-07
2.54124e-07
1.52515e-07
1.15498e-07
1.17087e-07
2.66943e-07
1.43701e-07
2.62326e-07
8.4318e-08
2.46783e-07
1.35867e-07
1.39321e-07
1.92994e-07
8.38218e-08
1.56139e-07
1.97277e-07
1.25207e-07
1.13668e-07
1.01156e-07
7.21623e-08
1.69097e-07
1.173e-07
1.58728e-07
7.15615e-08
1.51426e-07
1.43991e-07
1.30743e-07
1.03613e-07
1.18955e-07
1.44677e-07
1.63864e-07
6.47938e-08
1.56383e-07
1.42774e-07
1.55135e-07
2.03041e-07
1.42937e-07
1.60318e-07
2.62888e-07
8.74576e-08
9.68651e-08
9.31207e-08
1.90994e-07
9.47952e-08
1.6145e-07
1.78117e-07
1.40317e-07
1.36968e-07
1.47945e-07
9.56596e-08
1.18246e-07
1.91889e-07
2.1013e-07
1.55806e-07
1.49515e-07
1.62407e-07
1.40697e-07
1.25587e-07
1.48325e-07
1.61698e-07
1.75136e-07
1.04947e-07
2.47326e-07
1.48088e-07
1.6067e-07
2.45605e-07
9.95551e-08
1.86377e-07
2.19274e-07
1.17777e-07
1.30805e-07
1.50371e-07
9.92954e-08
1.92618e-07
1.62015e-07
1.39336e-07
1.02571e-07
9.14191e-08
2.28112e-07
1.82369e-07
9.0074e-08
1.30033e-07
1.53817e-07
1.14959e-07
1.26382e-07
9.84775e-08
1.32851e-07
1.27851e-07
2.02982e-07
2.28968e-07
1.32072e-07
1.6143e-07
1.44801e-07
1.28409e-07
1.68586e-07
1.84094e-07
1.05373e-07
1.1097e-07
1.7388e-07
1.01381e-07
1.1373e-07
1.52325e-07
1.14843e-07
1.13765e-07
1.52224e-07
1.27669e-07
1.5355e-07
7.7244e-08
1.24839e-07
1.77067e-07
2.11409e-07
9.99311e-08
1.01633e-07
1.13761e-07
1.15091e-07
1.74024e-07
1.07676e-07
2.05331e-07
1.75516e-07
1.65279e-07
1.35096e-07
8.58141e-08
1.65663e-07
1.06079e-07
1.95048e-07
2.92471e-07
1.34382e-07
1.44867e-07
7.16197e-08
1.57298e-07
2.71567e-07
3.12693e-07
1.11583e-07
1.44987e-07
1.84369e-07
1.77776e-07
1.01055e-07
1.93742e-07
1.1349e-07
2.12122e-07
1.21169e-07
1.63857e-07
1.213e-07
1.82171e-07
1.84528e-07
1.25448e-07
1.79187e-07
1.99261e-07
1.63632e-07
2.21584e-07
2.61815e-07
1.93323e-07
1.04931e-07
1.22211e-07
1.38371e-07
8.88104e-08
1.52755e-07
1.13877e-07
9.80085e-08
2.98285e-07
8.09612e-08
1.40848e-07
2.22456e-07
1.95967e-07
2.04742e-07
1.92509e-07
2.16448e-07
7.45656e-08
1.13971e-07
1.49844e-07
2.06549e-07
8.76437e-08
1.16637e-07
1.59853e-07
1.74101e-07
1.31336e-07
1.25533e-07
1.24463e-07
1.0985e-07
1.19769e-07
2.11169e-07
9.79116e-08
1.38937e-07
1.12625e-07
2.33639e-07
1.37227e-07
7.70734e-08
1.98812e-07
1.54267e-07
1.39026e-07
1.10862e-07
1.64799e-07
2.39976e-07
1.98242e-07
1.20296e-07
2.23305e-07
8.47094e-08
1.3339e-07
1.45228e-07
1.59763e-07
1.09466e-07
1.38952e-07
2.53613e-07
1.11769e-07
9.11826e-08
7.60656e-08
1.32844e-07
1.41189e-07
1.26518e-07
8.6915e-08
2.1058e-07
1.22494e-07
1.31165e-07
1.15149e-07
1.02125e-07
1.23262e-07
1.87683e-07
1.93529e-07
2.04564e-07
1.44344e-07
9.59852e-08
1.68198e-07
9.16555e-08
8.51707e-08
1.10746e-07
2.00444e-07
8.11589e-08
7.66742e-08
1.6219e-07
3.7713e-07
7.19026e-08
1.12746e-07
1.25894e-07
2.71664e-07
1.28925e-07
8.12984e-08
1.66779e-07
2.20673e-07
9.31905e-08
1.41836e-07
1.45782e-07
1.0909e-07
2.78552e-07
9.24424e-08
1.22622e-07
1.37735e-07
1.23266e-07
1.27661e-07
1.3439e-07
1.45034e-07
7.51935e-08
2.03843e-07
9.81054e-08
1.19192e-07
1.81342e-07
8.65894e-08
1.29312e-07
1.21258e-07
1.46488e-07
1.41363e-07
2.07227e-07
2.58427e-07
1.14091e-07
1.0116e-07
1.41038e-07
3.58839e-07
1.869e-07
1.99564e-07
1.05598e-07
6.80536e-08
1.73566e-07
1.92823e-07
8.78104e-08
1.0521e-07
2.06254e-07
1.29184e-07
1.06997e-07
1.6533e-07
9.05547e-08
8.98725e-08
8.64072e-08
1.71659e-07
1.22506e-07
2.39232e-07
1.27343e-07
1.61291e-07
1.08974e-07
1.72586e-07
1.86594e-07
1.87311e-07
1.65651e-07
1.53523e-07
1.25033e-07
1.28386e-07
1.09401e-07
1.53969e-07
1.88114e-07
2.45209e-07
1.28987e-07
7.46818e-08
1.26304e-07
1.42677e-07
1.54868e-07
1.79237e-07
1.24362e-07
1.0278e-07
1.83885e-07
1.9211e-07
8.28295e-08
1.02993e-07
1.27522e-07
1.22529e-07
6.1689e-08
1.62671e-07
9.83923e-08
1.96215e-07
2.77889e-07
8.97019e-08
1.03641e-07
2.81382e-07
1.32072e-07
1.44003e-07
1.31886e-07
1.2294e-07
1.23723e-07
1.62128e-07
2.09087e-07
1.49352e-07
1.39181e-07
1.25921e-07
1.74636e-07
1.07935e-07
1.81257e-07
1.48883e-07
1.34444e-07
1.35138e-07
1.0485e-07
1.53166e-07
1.52228e-07
1.26134e-07
1.22417e-07
1.3915e-07
9.3144e-08
2.51659e-07
9.64929e-08
1.12877e-07
1.34754e-07
1.08761e-07
2.23883e-07
8.62328e-08
3.91941e-07
1.11203e-07
1.38894e-07
1.3734e-07
1.54724e-07
1.12327e-07
1.30115e-07
1.08118e-07
1.67818e-07
1.69151e-07
1.20661e-07
1.70144e-07
1.50984e-07
1.05226e-07
1.16068e-07
1.09536e-07
1.78226e-07
1.28595e-07
1.1811e-07
1.5129e-07
1.44115e-07
2.7285e-07
1.02098e-07
1.68768e-07
8.72406e-08
1.48065e-07
7.36702e-08
8.58219e-08
1.82652e-07
9.07911e-08
1.57197e-07
8.88143e-08
1.4208e-07
2.54861e-07
1.21785e-07
1.6188e-07
1.8899e-07
1.11749e-07
1.63128e-07
1.7897e-07
2.08696e-07
7.41934e-08
2.28573e-07
1.29944e-07
1.80698e-07
1.1692e-07
2.1056e-07
1.16719e-07
1.34565e-07
1.05501e-07
1.1168e-07
1.31669e-07
1.61244e-07
1.1442e-07
1.21769e-07
1.73307e-07
1.49278e-07
1.23409e-07
1.71291e-07
1.56938e-07
8.41552e-08
1.15649e-07
2.91308e-07
8.06434e-08
1.85303e-07
1.01954e-07
1.40092e-07
8.15349e-08
1.47321e-07
1.6531e-07
2.13913e-07
1.23188e-07
1.07261e-07
1.50054e-07
2.01106e-07
1.5167e-07
1.87176e-07
2.27367e-07
1.29696e-07
8.75003e-08
9.63844e-08
1.65737e-07
1.16118e-07
1.25006e-07
7.53795e-08
1.36456e-07
8.03953e-08
1.10048e-07
1.53182e-07
1.15114e-07
1.91203e-07
1.05462e-07
1.80749e-07
1.54372e-07
1.212e-07
1.50147e-07
1.53969e-07
1.66299e-07
9.60511e-08
1.07947e-07
1.28991e-07
1.24556e-07
1.72535e-07
1.3927e-07
1.4546e-07
1.86133e-07
1.02342e-07
1.78671e-07
1.12994e-07
1.82051e-07
1.38131e-07
1.68605e-07
1.21975e-07
1.08583e-07
1.42375e-07
9.7993e-08
1.80807e-07
1.02986e-07
1.87645e-07
1.32033e-07
2.49527e-07
1.15769e-07
1.13122e-07
9.23028e-08
1.25285e-07
2.20596e-07
1.63593e-07
1.1097e-07
1.10215e-07
9.99776e-08
1.42794e-07
2.10863e-07
1.53139e-07
1.78873e-07
1.29107e-07
6.42472e-08
1.93955e-07
9.92063e-08
2.1915e-07
9.69387e-08
1.26355e-07
1.96416e-07
8.59382e-08
1.52306e-07
1.20083e-07
1.07699e-07
1.02815e-07
8.66979e-08
1.17223e-07
2.4043e-07
1.41418e-07
1.46232e-07
1.34402e-07
1.40731e-07
1.49135e-07
1.16389e-07
1.34293e-07
1.11633e-07
2.06483e-07
1.98506e-07
1.1347e-07
1.14079e-07
1.35576e-07
8.02441e-08
1.73822e-07
9.05314e-08
2.03483e-07
1.24925e-07
1.20041e-07
1.62934e-07
1.61167e-07
1.3491e-07
1.41712e-07
9.48185e-08
1.44015e-07
1.86765e-07
8.41745e-08
1.7131e-07
9.23687e-08
1.57352e-07
1.02873e-07
1.25444e-07
2.51078e-07
1.2313e-07
9.82721e-08
1.09652e-07
1.19292e-07
1.79853e-07
1.01389e-07
1.47391e-07
1.39561e-07
9.99427e-08
1.43011e-07
1.45065e-07
1.19273e-07
8.01511e-08
2.6095e-07
1.44468e-07
1.79164e-07
1.51209e-07
1.33475e-07
7.32477e-08
1.42239e-07
1.53325e-07
1.42317e-07
1.41162e-07
1.20145e-07
1.07486e-07
1.18719e-07
1.31258e-07
1.55817e-07
9.41401e-08
7.21468e-08
1.03334e-07
1.50627e-07
1.10269e-07
2.05521e-07
1.03102e-07
9.05818e-08
2.2315e-07
9.62294e-08
1.02334e-07
1.41813e-07
1.37584e-07
1.12684e-07
9.89621e-08
1.35979e-07
1.3296e-07
1.90304e-07
1.45511e-07
1.54414e-07
1.10261e-07
2.19173e-07
1.43918e-07
7.96394e-08
7.61276e-08
1.29801e-07
1.0271e-07
1.21684e-07
2.06638e-07
1.372e-07
1.16339e-07
1.6462e-07
1.70272e-07
1.69938e-07
1.33088e-07
9.76752e-08
1.2594e-07
1.43852e-07
1.46577e-07
1.2358e-07
1.43088e-07
1.96366e-07
1.22017e-07
1.45162e-07
1.63143e-07
2.20173e-07
1.91497e-07
9.0043e-08
2.02591e-07
1.42608e-07
1.52434e-07
7.93022e-08
2.4424e-07
1.42328e-07
1.14746e-07
1.55969e-07
1.51123e-07
1.27661e-07
1.75776e-07
2.31476e-07
2.34193e-07
1.1235e-07
1.43208e-07
1.55903e-07
1.54666e-07
1.14141e-07
3.01336e-07
1.37654e-07
8.13566e-08
1.7921e-07
9.07834e-08
1.28967e-07
9.84039e-08
2.37162e-07
1.49023e-07
1.15091e-07
1.05974e-07
8.33024e-08
1.3451e-07
1.96796e-07
1.16897e-07
1.35262e-07
1.15238e-07
1.16874e-07
9.84078e-08
2.1539e-07
9.13028e-08
1.9785e-07
1.44046e-07
2.39787e-07
8.80662e-08
1.03544e-07
1.212e-07
1.37883e-07
2.61497e-07
2.03486e-07
1.84536e-07
2.35534e-07
1.43887e-07
9.20044e-08
1.58856e-07
2.9672e-07
1.21711e-07
1.43976e-07
1.42166e-07
1.63252e-07
1.61523e-07
9.00895e-08
2.29949e-07
1.60434e-07
1.38251e-07
1.13102e-07
1.4379e-07
1.74671e-07
9.502e-08
2.26848e-07
7.09685e-08
1.74252e-07
1.73194e-07
1.6395e-07
1.03427e-07
2.3719e-07
8.93996e-08
