7.19647e-08
3.79747e-08
6.36193e-08
7.37903e-08
4.60293e-08
4.50525e-08
6.26813e-08
7.36702e-08
6.50806e-08
5.69756e-08
5.14986e-08
6.90033e-08
6.779e-08
7.98875e-08
9.40859e-08
7.35849e-08
1.13711e-07
5.80686e-08
3.27031e-08
6.83211e-08
6.73559e-08
7.45307e-08
4.63782e-08
7.81587e-08
5.67973e-08
7.91743e-08
5.77043e-08
8.20737e-08
4.56495e-08
7.66781e-08
1.23204e-07
8.5035e-08
7.32554e-08
6.07006e-08
8.38179e-08
6.35534e-08
5.73748e-08
6.88288e-08
6.88482e-08
7.49144e-08
9.24579e-08
6.02315e-08
6.6976e-08
6.47821e-08
7.08444e-08
7.15654e-08
5.01419e-08
1.25529e-07
6.61388e-08
5.54212e-08
6.61349e-08
6.01191e-08
8.1186e-08
5.67004e-08
7.46702e-08
6.82746e-08
5.98866e-08
8.35582e-08
7.83913e-08
7.7337e-08
7.60928e-08
7.6961e-08
6.71505e-08
5.39793e-08
5.77275e-08
5.24482e-08
5.02892e-08
6.67396e-08
5.86578e-08
8.20969e-08
6.89025e-08
6.12665e-08
9.13803e-08
7.65346e-08
7.36973e-08
7.03793e-08
5.89408e-08
6.48248e-08
7.2453e-08
6.95769e-08
7.59648e-08
6.89955e-08
7.04219e-08
5.69291e-08
6.29255e-08
5.85105e-08
6.60729e-08
4.9545e-08
6.15029e-08
5.17815e-08
9.54309e-08
6.00222e-08
6.59411e-08
4.75023e-08
9.60278e-08
5.57081e-08
8.88453e-08
5.56693e-08
6.76156e-08
6.53403e-08
7.5678e-08
9.06555e-08
3.9529e-08
5.44677e-08
6.4724e-08
6.26076e-08
5.73903e-08
6.63597e-08
8.91244e-08
8.16705e-08
6.29759e-08
7.18988e-08
9.21633e-08
7.45733e-08
5.22777e-08
5.31847e-08
8.7039e-08
6.29448e-08
5.5584e-08
4.83124e-08
6.57744e-08
6.63365e-08
7.81781e-08
6.76466e-08
6.48868e-08
6.34255e-08
5.87974e-08
5.58321e-08
7.0577e-08
7.63021e-08
5.39212e-08
7.26779e-08
5.50104e-08
9.08105e-08
5.61693e-08
5.51925e-08
7.44299e-08
8.22558e-08
7.36004e-08
5.19211e-08
7.32205e-08
6.25495e-08
6.12355e-08
5.82159e-08
4.08624e-08
9.19889e-08
6.48635e-08
6.86195e-08
4.85411e-08
6.88637e-08
6.27084e-08
5.74368e-08
6.15649e-08
7.96743e-08
6.16308e-08
5.37584e-08
1.0692e-07
8.16589e-08
7.23445e-08
7.2674e-08
6.01811e-08
6.64063e-08
7.30926e-08
4.18314e-08
5.01846e-08
4.34323e-08
6.30999e-08
6.64489e-08
5.85144e-08
6.24061e-08
5.22738e-08
8.3252e-08
4.84248e-08
9.85357e-08
1.00962e-07
7.18367e-08
5.69911e-08
9.29075e-08
7.95348e-08
9.11167e-08
4.47192e-08
7.00227e-08
4.26261e-08
4.60332e-08
5.29289e-08
5.36305e-08
4.91302e-08
6.86777e-08
5.58941e-08
5.53553e-08
5.76384e-08
6.57163e-08
7.4678e-08
6.12587e-08
3.7087e-08
8.29846e-08
6.10223e-08
6.83482e-08
7.42787e-08
8.0686e-08
6.07781e-08
6.30573e-08
5.86384e-08
3.77499e-08
6.22084e-08
5.984e-08
1.21858e-07
7.3112e-08
7.59997e-08
5.06342e-08
7.09142e-08
6.54915e-08
6.91041e-08
5.51266e-08
7.38213e-08
8.00309e-08
6.94064e-08
7.2143e-08
8.84189e-08
8.05077e-08
8.13876e-08
7.81898e-08
5.00721e-08
6.48054e-08
8.00542e-08
5.44483e-08
7.26314e-08
7.30616e-08
6.52395e-08
8.09186e-08
5.52274e-08
5.21304e-08
8.23217e-08
5.88322e-08
6.67396e-08
4.70604e-08
9.15857e-08
5.12117e-08
6.21153e-08
5.19404e-08
7.97015e-08
5.7274e-08
7.3612e-08
7.07398e-08
5.5522e-08
7.20964e-08
3.6556e-08
5.14869e-08
4.78705e-08
6.29371e-08
6.84994e-08
5.69097e-08
4.67619e-08
4.09322e-08
6.19719e-08
4.88279e-08
6.19758e-08
5.85842e-08
5.00062e-08
8.44265e-08
6.50806e-08
1.1356e-07
6.03517e-08
6.82707e-08
7.52478e-08
6.54333e-08
5.78671e-08
6.42007e-08
6.53985e-08
7.18057e-08
6.10184e-08
5.97897e-08
7.33136e-08
7.76238e-08
8.49226e-08
6.63249e-08
6.2627e-08
6.6038e-08
8.23101e-08
6.79102e-08
6.83017e-08
4.95411e-08
6.24875e-08
6.64179e-08
5.37196e-08
6.94064e-08
6.33867e-08
6.09099e-08
8.17907e-08
7.83913e-08
4.55836e-08
4.79364e-08
7.93991e-08
9.74038e-08
1.05571e-07
5.30103e-08
5.23009e-08
5.77857e-08
3.53079e-08
4.85256e-08
7.62401e-08
6.39449e-08
4.72038e-08
7.25848e-08
5.77082e-08
6.96894e-08
8.23993e-08
4.81651e-08
6.47821e-08
5.21924e-08
6.77862e-08
5.3925e-08
5.25025e-08
6.62706e-08
8.77794e-08
7.53098e-08
5.34677e-08
7.0325e-08
6.7635e-08
7.92828e-08
1.0323e-07
7.67323e-08
8.38528e-08
6.56194e-08
6.97552e-08
7.37438e-08
7.07669e-08
6.48558e-08
4.65216e-08
6.28751e-08
5.91889e-08
4.69363e-08
7.28329e-08
4.56301e-08
4.90295e-08
4.801e-08
4.0781e-08
5.12234e-08
5.85493e-08
7.67478e-08
5.36421e-08
4.07112e-08
5.79485e-08
6.85149e-08
5.64097e-08
5.32893e-08
5.60608e-08
5.69523e-08
8.89189e-08
6.48984e-08
5.82702e-08
8.59304e-08
5.79485e-08
6.84219e-08
7.58873e-08
4.69984e-08
6.17084e-08
7.38833e-08
6.03517e-08
6.44023e-08
6.75187e-08
7.43989e-08
6.30573e-08
5.13319e-08
4.75798e-08
4.32966e-08
6.02819e-08
1.19955e-07
9.56402e-08
6.62318e-08
5.62585e-08
6.48287e-08
5.28979e-08
1.00671e-07
5.18978e-08
6.49721e-08
5.55763e-08
8.11783e-08
6.78482e-08
7.29569e-08
5.99137e-08
9.48301e-08
6.0061e-08
6.8542e-08
6.79877e-08
5.36653e-08
6.21735e-08
4.86612e-08
5.61151e-08
6.17432e-08
7.07165e-08
9.32447e-08
7.09375e-08
8.25039e-08
7.01274e-08
6.14564e-08
8.66126e-08
6.67822e-08
7.7337e-08
5.19831e-08
7.743e-08
6.88754e-08
5.45646e-08
6.45961e-08
9.69232e-08
6.35224e-08
6.50845e-08
6.92979e-08
8.64964e-08
7.59145e-08
4.42967e-08
7.30539e-08
7.78138e-08
6.53171e-08
4.04205e-08
4.51533e-08
5.41344e-08
6.71854e-08
9.3582e-08
6.93017e-08
5.61616e-08
6.62706e-08
8.36745e-08
7.76161e-08
8.34923e-08
5.87005e-08
5.94563e-08
4.61611e-08
5.53398e-08
6.53752e-08
7.85425e-08
7.73913e-08
5.25451e-08
6.18285e-08
5.34987e-08
9.33571e-08
1.04509e-07
7.20654e-08
7.47284e-08
6.75924e-08
5.69213e-08
8.50777e-08
5.44096e-08
5.75841e-08
8.4787e-08
6.1375e-08
6.90033e-08
6.48868e-08
4.77271e-08
7.6744e-08
5.34289e-08
6.38829e-08
6.39139e-08
6.61931e-08
9.12446e-08
8.1376e-08
6.12277e-08
6.43596e-08
7.06972e-08
7.0108e-08
6.47705e-08
4.72581e-08
7.97441e-08
4.58898e-08
7.12204e-08
6.99258e-08
7.56121e-08
7.00731e-08
9.74891e-08
7.32632e-08
6.09292e-08
6.91583e-08
5.74136e-08
8.36784e-08
6.3724e-08
7.08561e-08
7.36081e-08
9.23532e-08
5.8526e-08
5.55104e-08
6.76156e-08
5.16149e-08
8.59963e-08
4.13896e-08
7.3143e-08
8.5035e-08
4.91031e-08
3.61064e-08
6.9887e-08
6.39139e-08
6.96041e-08
6.73482e-08
4.91457e-08
8.83259e-08
4.03973e-08
7.43562e-08
7.39686e-08
7.2143e-08
4.93279e-08
7.03328e-08
7.63912e-08
9.46595e-08
7.79882e-08
5.71616e-08
5.99525e-08
5.85415e-08
7.43524e-08
8.68646e-08
5.66422e-08
4.02965e-08
7.91239e-08
6.69489e-08
6.41038e-08
7.49609e-08
4.44556e-08
6.53636e-08
6.4569e-08
4.81806e-08
6.96428e-08
6.1282e-08
5.42157e-08
9.27215e-08
6.4162e-08
5.4584e-08
4.47424e-08
5.41576e-08
5.3894e-08
6.49527e-08
5.308e-08
6.32511e-08
7.86006e-08
8.25892e-08
5.86229e-08
7.9151e-08
7.70385e-08
5.93129e-08
1.00718e-07
6.29952e-08
7.7589e-08
7.10654e-08
7.02281e-08
4.45874e-08
7.93216e-08
5.41847e-08
5.87857e-08
5.8902e-08
3.5587e-08
6.33131e-08
9.39192e-08
8.86205e-08
7.41082e-08
8.99578e-08
4.30253e-08
7.03909e-08
6.94374e-08
7.01855e-08
6.48403e-08
6.30689e-08
9.22214e-08
5.41964e-08
1.05067e-07
8.92135e-08
6.84219e-08
7.05227e-08
5.21769e-08
7.97131e-08
8.36009e-08
1.03788e-07
1.06935e-07
6.13169e-08
6.75303e-08
5.93013e-08
4.70798e-08
6.69218e-08
7.30616e-08
5.54096e-08
5.71074e-08
6.52395e-08
1.04327e-07
7.30267e-08
7.16894e-08
5.52662e-08
7.47787e-08
5.39599e-08
9.81946e-08
8.14225e-08
7.01351e-08
5.79679e-08
7.54842e-08
9.88884e-08
7.16042e-08
6.89955e-08
4.2471e-08
4.96651e-08
8.20194e-08
7.24143e-08
6.86195e-08
4.99946e-08
5.73632e-08
5.44716e-08
4.67115e-08
6.61465e-08
4.34982e-08
5.91307e-08
8.72483e-08
7.22205e-08
5.79601e-08
4.72658e-08
6.00145e-08
5.208e-08
5.92741e-08
5.49832e-08
4.5037e-08
6.65458e-08
6.45031e-08
7.593e-08
6.29875e-08
7.43911e-08
5.99757e-08
8.44187e-08
4.95837e-08
7.19143e-08
7.69959e-08
6.24526e-08
7.55268e-08
8.21628e-08
4.81806e-08
6.75924e-08
5.77508e-08
5.26188e-08
5.62313e-08
9.51596e-08
6.32239e-08
5.69833e-08
7.67827e-08
7.26275e-08
6.32821e-08
7.72052e-08
8.19147e-08
7.55423e-08
6.99801e-08
6.34255e-08
6.68559e-08
5.85028e-08
9.15198e-08
7.88138e-08
5.80338e-08
5.28048e-08
6.87164e-08
6.55535e-08
6.44062e-08
5.36033e-08
7.7368e-08
4.08702e-08
1.10897e-07
6.57628e-08
6.2065e-08
5.68515e-08
8.86282e-08
7.03018e-08
4.68201e-08
6.20611e-08
6.32511e-08
6.73985e-08
8.28295e-08
6.15533e-08
6.66311e-08
3.70599e-08
4.69247e-08
9.41014e-08
8.607e-08
6.63326e-08
7.65424e-08
5.56848e-08
5.13319e-08
6.78521e-08
4.14748e-08
8.60932e-08
7.74998e-08
8.21396e-08
7.86084e-08
8.75235e-08
6.23247e-08
6.83521e-08
7.93604e-08
7.16352e-08
5.87392e-08
4.71456e-08
7.19259e-08
3.77615e-08
6.90188e-08
6.05145e-08
6.74683e-08
6.35456e-08
5.82392e-08
6.18053e-08
6.87513e-08
7.40113e-08
1.10556e-07
7.04452e-08
6.2782e-08
5.19288e-08
6.67086e-08
5.08551e-08
7.02204e-08
8.38334e-08
5.86811e-08
4.52618e-08
4.97155e-08
4.59983e-08
4.93357e-08
6.9011e-08
8.37133e-08
7.3864e-08
5.90299e-08
8.16899e-08
5.75609e-08
6.75265e-08
6.75071e-08
7.88913e-08
7.0639e-08
1.17428e-07
6.15145e-08
8.46164e-08
7.98798e-08
1.11846e-07
4.96574e-08
5.56305e-08
6.60419e-08
6.35185e-08
7.38678e-08
8.82484e-08
6.37627e-08
6.62163e-08
7.08948e-08
7.66354e-08
9.62255e-08
6.36154e-08
6.76156e-08
6.23712e-08
8.00271e-08
7.45694e-08
6.63559e-08
9.15664e-08
5.28397e-08
8.99694e-08
8.20271e-08
8.49033e-08
7.28988e-08
7.43834e-08
6.30262e-08
6.76893e-08
6.85769e-08
6.86002e-08
6.1844e-08
5.79407e-08
5.51732e-08
5.44948e-08
1.1106e-07
5.57546e-08
7.35849e-08
8.8667e-08
7.85774e-08
6.3189e-08
5.00256e-08
7.95929e-08
4.32346e-08
5.89136e-08
9.09772e-08
3.84708e-08
6.24952e-08
6.68055e-08
5.42235e-08
6.26037e-08
6.3879e-08
7.69067e-08
5.87508e-08
8.64188e-08
7.36973e-08
7.19104e-08
6.93289e-08
6.42511e-08
6.65884e-08
5.97121e-08
5.89214e-08
5.95532e-08
3.7932e-08
9.12756e-08
5.03125e-08
6.29565e-08
9.21555e-08
7.22476e-08
5.39444e-08
4.97427e-08
5.02272e-08
5.79989e-08
5.82702e-08
6.14293e-08
4.81147e-08
4.14516e-08
5.55143e-08
4.92853e-08
6.23518e-08
5.53166e-08
5.74136e-08
6.75381e-08
6.32123e-08
9.85938e-08
8.14651e-08
6.15339e-08
4.85101e-08
8.04496e-08
5.81733e-08
4.5099e-08
4.12229e-08
9.14617e-08
8.19574e-08
6.08789e-08
7.16197e-08
5.51577e-08
7.0732e-08
6.01656e-08
6.8011e-08
7.39647e-08
8.98764e-08
5.96114e-08
4.89907e-08
5.65337e-08
7.2391e-08
6.17549e-08
7.72634e-08
8.92562e-08
8.97756e-08
7.22437e-08
5.96191e-08
4.18547e-08
6.35069e-08
7.14181e-08
5.77314e-08
6.99723e-08
4.97465e-08
6.24293e-08
8.25427e-08
5.3925e-08
4.4599e-08
6.57357e-08
6.54295e-08
9.42525e-08
7.6961e-08
6.34216e-08
7.84029e-08
5.1956e-08
7.27709e-08
9.30858e-08
9.82295e-08
6.83249e-08
5.30335e-08
5.88129e-08
8.48296e-08
5.1173e-08
7.46857e-08
5.72624e-08
5.91075e-08
8.89655e-08
9.07252e-08
6.08246e-08
7.20771e-08
7.75541e-08
5.51422e-08
4.82e-08
1.05455e-07
7.00692e-08
7.82944e-08
7.89456e-08
6.39643e-08
4.85333e-08
5.35917e-08
5.9937e-08
4.1188e-08
8.84422e-08
6.0468e-08
7.76859e-08
1.0511e-07
7.12049e-08
6.40767e-08
4.77581e-08
7.80115e-08
5.70105e-08
8.42986e-08
6.18401e-08
6.98754e-08
4.06143e-08
6.53713e-08
8.47715e-08
6.28634e-08
7.10886e-08
9.58069e-08
6.52512e-08
7.44338e-08
4.97e-08
8.25853e-08
7.43136e-08
8.35156e-08
6.61078e-08
7.90115e-08
6.55031e-08
6.98599e-08
5.81772e-08
4.87155e-08
4.51998e-08
5.80066e-08
8.3597e-08
5.04365e-08
6.79567e-08
5.16536e-08
6.21347e-08
7.01545e-08
5.99331e-08
7.94262e-08
4.95062e-08
6.14758e-08
9.31323e-08
4.78046e-08
7.00382e-08
5.30258e-08
5.92431e-08
7.90851e-08
5.04249e-08
6.95498e-08
5.17893e-08
5.15218e-08
6.24913e-08
6.17781e-08
7.96472e-08
6.17355e-08
8.59692e-08
5.49096e-08
6.6507e-08
8.57327e-08
7.74455e-08
6.72745e-08
5.38475e-08
5.56267e-08
5.72004e-08
5.91772e-08
1.03222e-07
8.63452e-08
5.87237e-08
6.14448e-08
7.54687e-08
8.02635e-08
9.21245e-08
6.89916e-08
5.89912e-08
9.73263e-08
5.00876e-08
6.84529e-08
4.06298e-08
4.89442e-08
9.13183e-08
5.72004e-08
8.95353e-08
4.35021e-08
6.42899e-08
7.39958e-08
8.64537e-08
8.43335e-08
8.42404e-08
9.52061e-08
6.7135e-08
5.58205e-08
6.69644e-08
5.94214e-08
6.48093e-08
7.12669e-08
6.29061e-08
5.59794e-08
9.21323e-08
4.99636e-08
5.0297e-08
4.98938e-08
7.81781e-08
6.21929e-08
6.02897e-08
6.38209e-08
6.34487e-08
1.17006e-07
7.06972e-08
5.16846e-08
7.05692e-08
8.13372e-08
5.46615e-08
5.72934e-08
7.5992e-08
8.36009e-08
6.64295e-08
5.7871e-08
6.03439e-08
8.11666e-08
6.19991e-08
