1.64069e-05
3.6975e-06
2.2034e-05
7.36982e-06
2.25712e-05
7.70052e-06
1.20951e-05
2.4228e-05
9.09012e-06
1.12132e-05
3.49879e-06
1.66185e-05
5.40949e-06
9.39746e-07
2.84297e-06
4.87634e-06
1.73283e-06
7.40325e-06
1.56839e-05
6.67698e-06
2.36627e-06
3.28436e-06
3.63875e-06
5.82287e-07
6.39469e-06
1.25121e-06
3.0115e-06
1.50933e-05
1.37904e-05
2.96179e-06
1.07265e-06
3.82593e-06
2.95773e-06
3.19048e-06
8.18869e-06
4.49624e-06
1.69878e-05
2.23881e-06
1.9865e-05
7.15043e-06
3.93934e-06
1.25412e-05
3.41421e-06
6.88091e-07
1.11972e-05
9.58042e-07
1.00779e-05
3.92146e-06
1.62599e-06
4.24929e-06
6.93406e-06
6.89204e-06
4.89756e-07
4.981e-06
1.35233e-05
1.96781e-05
5.20082e-06
1.18044e-05
7.33911e-07
1.13821e-06
3.75207e-06
7.23265e-06
1.94851e-06
1.37956e-05
6.65461e-06
1.01304e-06
4.42862e-06
9.70666e-06
5.24949e-06
2.49231e-05
1.4095e-05
1.01377e-06
7.79091e-06
9.0092e-06
1.51053e-05
3.4573e-07
1.06613e-05
1.02632e-05
3.15337e-07
1.32478e-05
8.74827e-06
3.88022e-07
1.78005e-06
3.58087e-06
2.56107e-05
5.34387e-06
3.07484e-06
9.36626e-07
1.15268e-05
1.55588e-06
7.8039e-07
1.19444e-05
5.43121e-05
1.08243e-05
1.76605e-05
2.90393e-06
9.04522e-06
4.45271e-06
7.15557e-06
1.93455e-05
1.25831e-05
5.74763e-06
4.20468e-06
4.70127e-07
1.53858e-06
1.6725e-05
1.50128e-05
6.35681e-06
6.16285e-06
3.02115e-06
1.81611e-06
2.40991e-06
1.33222e-05
5.25698e-06
7.33915e-07
4.47147e-06
6.12541e-07
6.18455e-06
9.18423e-07
9.67569e-06
5.46789e-06
9.41622e-07
1.65694e-05
2.29109e-06
1.39966e-05
8.31659e-06
2.04342e-06
1.50304e-05
3.87473e-06
6.9075e-07
5.27318e-06
7.50335e-06
2.29951e-06
1.071e-06
9.4789e-07
4.17049e-06
6.98517e-06
1.08972e-05
6.76834e-06
4.67825e-06
1.21333e-05
1.15753e-05
4.71515e-06
1.25785e-06
5.50979e-06
3.7094e-07
1.3778e-05
2.45059e-05
1.34405e-05
1.65499e-05
1.50114e-06
1.70852e-06
2.91327e-05
5.89769e-06
9.12338e-06
5.10503e-06
9.64883e-07
3.63228e-06
2.62266e-06
1.54897e-05
2.49165e-06
2.97646e-06
5.85639e-06
2.01149e-05
4.41085e-06
5.8761e-06
9.87191e-06
8.95377e-06
2.72951e-07
5.68931e-06
2.78305e-06
2.36992e-06
1.24348e-05
6.08054e-06
1.18423e-05
1.83939e-06
7.90981e-06
2.45066e-05
7.57046e-06
3.238e-06
8.40927e-06
1.02828e-05
5.42039e-06
1.54269e-05
2.37836e-06
1.25424e-05
1.39318e-05
1.05753e-06
7.81179e-06
3.06394e-06
2.91332e-07
3.1287e-06
2.01899e-06
2.72602e-06
5.12718e-06
6.03085e-06
2.632e-05
3.46602e-06
7.03689e-06
7.02302e-06
7.19325e-07
6.88685e-06
5.11554e-05
1.83335e-05
1.70357e-06
9.22783e-06
1.80479e-05
4.93703e-06
1.90261e-06
4.68553e-06
2.08637e-05
5.17835e-06
3.23435e-05
1.05257e-06
7.08574e-06
6.83536e-06
6.98912e-06
1.00254e-05
8.21135e-06
3.26413e-06
3.39198e-06
1.37587e-05
4.19125e-06
2.30898e-06
2.50593e-06
1.09384e-05
2.17141e-05
5.38505e-06
8.42066e-06
4.9286e-06
5.31474e-06
9.49102e-06
2.83808e-06
6.03936e-06
9.33845e-06
5.8279e-06
1.34554e-05
4.17115e-06
6.83096e-06
5.52486e-06
1.20326e-06
3.73339e-07
3.62915e-06
1.70446e-05
2.64071e-05
7.84785e-07
1.90878e-05
1.33688e-05
2.6478e-06
2.88269e-07
1.32793e-06
2.77409e-06
3.15776e-06
2.99808e-06
2.5779e-06
1.59996e-06
3.76046e-06
2.19372e-05
6.89275e-06
1.73255e-05
1.72792e-05
3.29334e-06
1.01994e-05
2.27438e-06
7.06713e-06
3.42419e-06
4.40672e-06
7.87177e-07
1.03196e-05
2.06329e-05
3.67022e-06
1.90856e-06
8.63832e-07
6.51265e-06
1.95669e-05
1.6821e-05
1.07746e-05
1.6562e-06
6.73158e-06
6.65768e-06
5.74297e-06
8.44512e-06
8.3752e-06
1.36126e-05
1.62308e-05
9.88908e-06
1.40156e-06
6.57237e-07
2.2571e-06
5.46577e-06
7.86458e-06
3.17258e-06
1.92278e-05
1.25924e-05
1.65606e-06
5.88175e-06
2.80805e-06
6.20219e-07
1.07252e-05
1.74918e-05
1.84768e-05
3.2736e-06
2.74368e-06
1.84563e-06
3.5904e-05
8.23226e-06
2.42825e-05
3.22609e-06
1.33427e-05
3.33707e-06
7.01305e-06
6.86845e-06
6.40903e-06
1.39587e-06
6.92996e-06
4.68307e-06
5.61341e-06
3.17777e-06
6.57757e-06
1.07025e-05
8.58455e-06
1.40885e-06
5.92755e-06
1.41468e-06
9.58457e-06
3.05452e-06
6.63156e-06
1.06135e-05
5.72876e-06
3.60597e-06
1.87729e-06
1.86341e-06
5.67671e-06
6.83439e-06
1.8717e-05
2.01737e-05
2.73509e-06
1.16137e-05
1.16577e-05
2.85165e-05
7.71804e-06
2.75718e-06
1.84255e-06
6.18778e-06
4.26824e-06
1.82194e-06
1.15642e-05
1.74825e-05
2.83448e-06
1.85785e-06
2.62665e-05
3.33229e-06
2.24032e-05
1.31087e-05
2.37016e-06
4.56091e-07
7.12456e-06
1.22685e-05
1.25477e-05
2.23027e-06
1.56694e-05
2.81519e-06
2.51374e-06
3.81092e-06
2.11117e-05
1.46954e-05
6.7399e-06
7.11761e-06
2.0298e-06
1.99489e-06
2.28106e-05
3.04953e-06
1.14328e-05
2.76827e-06
2.79997e-06
5.26071e-06
5.43582e-06
5.17532e-07
3.76648e-06
8.80092e-07
3.27609e-07
5.44566e-06
2.9373e-06
1.67851e-05
2.27131e-06
1.34076e-05
5.20846e-07
1.01016e-05
6.44367e-06
6.65803e-06
1.47036e-05
6.46711e-06
5.44535e-06
5.10269e-05
6.30247e-06
1.02778e-05
6.12798e-06
7.44334e-06
2.80397e-06
8.55759e-06
9.41599e-06
1.19633e-05
1.73699e-06
2.52006e-06
7.25399e-06
3.36913e-06
2.81009e-07
3.58675e-06
4.54755e-06
4.21572e-06
2.42551e-06
1.18489e-05
4.06802e-07
1.06518e-05
3.41516e-06
2.58815e-05
1.42857e-06
5.77036e-06
5.25644e-06
2.08151e-06
1.05895e-05
8.07117e-06
3.62813e-06
6.51283e-06
2.69756e-05
5.20101e-06
2.00224e-05
8.04042e-07
5.77177e-05
6.98108e-06
1.2962e-05
1.32209e-05
1.64901e-05
4.54929e-06
6.67036e-06
9.35685e-06
7.70584e-06
1.32082e-06
4.31651e-06
2.90618e-06
1.057e-06
4.77031e-06
1.62744e-05
1.30737e-05
1.5765e-05
1.38494e-05
2.39337e-06
1.29932e-05
2.38266e-05
9.74274e-06
3.03784e-06
3.28982e-05
5.26988e-06
8.9562e-06
3.0662e-06
9.12601e-06
4.41803e-06
3.75732e-06
1.54804e-05
1.8897e-05
1.26817e-06
9.04434e-07
2.43102e-06
6.84738e-07
7.83905e-07
1.87987e-05
1.74729e-05
2.83736e-06
2.21842e-05
1.62928e-05
1.98418e-06
1.93065e-06
4.44786e-05
1.07978e-06
1.58708e-06
3.75325e-06
1.11328e-05
8.06627e-07
3.96849e-05
6.20566e-06
1.72902e-05
1.97266e-06
1.8498e-05
9.1395e-06
3.83259e-06
1.17353e-05
7.49788e-06
1.81234e-06
1.74277e-05
3.86666e-06
4.37263e-06
4.95509e-06
5.75326e-07
3.52883e-06
1.09601e-05
2.7268e-07
1.90735e-06
1.32736e-05
1.02343e-05
4.99193e-06
5.67748e-06
2.05292e-05
1.55731e-05
1.53801e-06
3.14777e-05
1.0769e-05
5.77586e-06
9.6127e-07
1.43682e-05
1.24726e-05
5.27502e-06
3.66295e-06
3.18932e-06
1.76868e-06
1.2652e-05
2.00356e-06
3.46135e-06
1.82519e-06
4.37189e-06
8.16644e-06
1.20992e-05
1.0512e-05
1.51962e-05
2.77621e-06
4.87641e-06
2.41768e-06
1.92568e-05
5.48221e-06
4.10022e-06
4.6647e-06
1.46486e-06
4.31881e-06
9.54673e-06
1.00165e-05
1.22099e-06
2.67397e-05
3.01991e-06
4.36044e-06
9.27463e-06
1.2053e-06
1.97585e-06
8.90428e-06
5.07121e-06
3.56469e-06
7.63792e-06
1.42229e-05
1.00594e-05
4.00553e-06
5.8375e-06
5.55846e-06
4.09529e-05
2.35274e-06
7.59223e-06
1.85909e-05
1.49116e-05
5.39173e-07
7.70549e-06
6.95514e-06
3.8456e-06
6.64987e-06
6.20836e-06
2.4736e-05
2.03083e-05
1.03512e-05
4.44265e-07
1.5461e-05
1.33036e-05
6.79226e-06
3.61044e-07
1.51328e-06
2.73375e-05
9.22597e-06
4.33725e-06
1.699e-05
1.26045e-06
2.68931e-06
9.84116e-06
1.9735e-05
3.32725e-06
1.45545e-06
4.34747e-05
2.98156e-06
4.54276e-06
6.40748e-06
3.63597e-06
9.18497e-07
4.61996e-06
3.73144e-06
9.07862e-06
4.44805e-06
4.27711e-06
7.98931e-06
9.37858e-06
5.41207e-06
6.17235e-07
1.13525e-05
2.19952e-06
3.76012e-06
5.2159e-06
4.43644e-06
5.81916e-06
1.97866e-05
4.53973e-06
4.0532e-06
1.43373e-05
1.76085e-06
2.76611e-06
6.98746e-06
2.47696e-05
8.81412e-06
2.81409e-06
9.21016e-06
4.33345e-06
6.72454e-06
1.09335e-05
9.99873e-07
2.72389e-05
3.87785e-05
1.01834e-06
2.03566e-05
3.37008e-06
4.19495e-06
1.43227e-05
6.74033e-06
7.71208e-06
2.26213e-05
1.74152e-05
5.50704e-06
4.24246e-06
2.02666e-05
2.18334e-05
7.2417e-07
1.06907e-05
2.29853e-06
2.08999e-06
7.56516e-06
8.14461e-07
3.08524e-06
2.10489e-06
2.34203e-05
6.72406e-06
1.45475e-05
8.9266e-06
4.80414e-06
1.52886e-05
2.77407e-05
4.64146e-07
3.14924e-05
3.48067e-06
2.81863e-06
1.66981e-06
1.87163e-05
5.09975e-06
4.94522e-06
5.0109e-07
3.86476e-06
3.6829e-06
2.61163e-06
1.97279e-06
3.89689e-06
2.24476e-05
1.12102e-05
5.30853e-06
1.37704e-05
1.82385e-05
4.52603e-06
6.03002e-06
6.23249e-06
6.75187e-06
2.31565e-05
5.1902e-06
3.13528e-06
1.54521e-05
3.00826e-06
3.12809e-06
3.70838e-06
2.66022e-06
9.58983e-06
3.75982e-06
3.69209e-06
6.92405e-06
5.56731e-06
7.50555e-07
7.75143e-06
1.54108e-05
9.5958e-06
4.6227e-07
4.2705e-06
1.18953e-05
1.81362e-05
1.14678e-06
9.62798e-06
7.96611e-07
1.09633e-05
6.28533e-06
3.5908e-06
1.21572e-05
2.39633e-06
7.52979e-06
9.0592e-06
6.18391e-06
1.60496e-05
1.24466e-05
1.28691e-05
7.34252e-06
1.2773e-06
2.57594e-06
1.89684e-06
4.27591e-06
8.32116e-06
2.51454e-05
2.42867e-06
3.23918e-05
1.36537e-05
2.07226e-06
1.60943e-06
6.4133e-06
1.39489e-05
7.69907e-06
1.26392e-05
2.99239e-06
4.43149e-06
8.02418e-06
2.01471e-05
1.13039e-06
1.40324e-05
2.09235e-07
1.11865e-05
1.35921e-05
5.63096e-06
3.66872e-06
3.56586e-06
2.05573e-06
5.69698e-06
1.59268e-06
3.8899e-06
4.21108e-06
5.91444e-06
3.21551e-06
1.52999e-05
3.18311e-05
1.35506e-05
6.3346e-07
3.20096e-05
1.2269e-05
8.41227e-06
2.92604e-05
9.12951e-06
6.40781e-06
1.08117e-05
2.21636e-05
4.23158e-06
8.07375e-06
1.35403e-05
1.19504e-06
5.7658e-06
2.538e-05
6.7786e-06
1.3051e-05
1.95737e-06
2.89704e-06
4.86898e-06
9.02217e-06
8.68088e-06
2.37277e-05
7.87117e-06
4.01361e-06
1.88389e-05
1.27723e-05
7.3757e-07
1.08789e-05
1.66177e-05
6.64249e-06
2.32344e-05
3.50951e-06
3.20961e-06
1.51308e-06
3.2506e-06
2.67216e-06
4.34887e-06
1.08664e-06
2.27667e-06
2.79489e-06
2.27393e-05
8.31086e-07
1.06134e-05
8.97925e-06
1.65114e-06
1.0029e-05
9.14607e-06
2.74572e-06
1.42708e-05
5.08968e-06
4.34857e-06
1.66178e-05
7.87827e-06
8.49034e-06
6.15161e-06
4.59401e-06
4.89343e-06
3.92916e-06
7.37484e-06
2.67612e-06
9.66906e-06
8.85626e-06
8.30415e-06
1.97051e-05
7.17004e-06
2.84783e-06
1.01273e-05
1.39376e-05
6.79891e-06
1.91975e-05
6.16211e-06
3.4691e-06
1.6516e-05
9.03551e-07
1.74702e-06
1.25732e-06
3.53964e-05
1.46133e-06
1.23463e-06
1.6207e-05
3.86313e-07
1.1838e-05
2.57053e-05
7.92283e-06
1.09679e-05
6.33757e-06
7.90066e-06
1.94181e-06
1.31182e-06
1.14245e-05
2.02362e-06
3.21747e-06
3.67041e-06
1.42932e-06
7.12116e-06
6.58337e-06
5.81531e-07
3.66846e-06
1.45681e-05
2.44824e-06
6.94545e-07
4.50203e-06
6.65809e-06
9.70344e-07
2.85279e-06
3.87043e-06
8.90745e-06
2.44463e-05
3.28603e-06
1.86986e-05
1.63235e-05
8.4547e-07
1.75994e-06
4.67782e-06
3.88308e-06
5.51642e-06
8.97635e-06
3.16507e-07
1.41365e-05
1.11703e-05
1.25257e-06
4.90096e-06
1.25001e-06
2.23518e-07
1.80999e-06
4.81922e-07
4.51519e-06
1.21624e-06
1.24651e-05
2.25499e-07
2.99345e-06
1.05179e-05
3.11891e-06
4.68779e-06
1.00173e-06
5.00597e-07
1.89336e-05
2.28987e-05
4.25181e-06
7.48619e-06
3.21195e-05
1.51121e-05
7.90812e-06
3.06611e-06
1.28055e-06
3.59022e-06
1.62093e-06
1.55441e-06
2.60239e-06
8.13846e-06
2.87833e-05
8.54293e-06
3.26667e-06
4.58665e-07
1.49075e-05
7.09218e-06
1.80154e-05
1.21356e-06
1.10573e-05
6.09168e-06
5.71791e-06
5.86001e-07
1.08726e-05
2.04205e-05
2.22642e-07
2.9744e-06
1.0268e-05
4.83547e-06
2.00173e-05
3.05943e-06
6.32028e-06
5.52191e-06
4.3332e-06
1.13671e-05
8.21003e-06
1.30943e-06
1.5466e-05
2.70063e-06
4.47455e-07
1.8467e-05
9.66928e-06
1.63306e-05
1.48998e-05
3.12246e-06
1.59635e-06
9.78724e-06
6.13369e-06
2.5132e-06
2.39864e-06
1.52282e-05
1.10167e-05
2.73973e-06
1.66357e-06
3.26302e-06
1.3948e-05
7.7035e-06
5.79869e-06
1.28068e-05
2.31717e-06
4.40064e-07
3.32925e-06
1.10405e-05
9.42663e-06
2.81096e-06
3.95689e-06
5.90819e-06
7.77936e-06
6.169e-06
1.03795e-05
2.77476e-06
7.75381e-06
3.37255e-05
2.13208e-05
1.12087e-06
1.18352e-05
2.3572e-06
3.41163e-06
6.98734e-05
1.55622e-05
1.13464e-05
3.25517e-06
6.6087e-06
4.32844e-06
4.51796e-06
8.88131e-07
2.85352e-06
1.31876e-06
1.74394e-05
5.52422e-06
5.90972e-06
2.41775e-06
1.69037e-06
4.42652e-06
4.54111e-06
3.53507e-06
1.56292e-06
8.29405e-06
2.56421e-06
5.66069e-07
6.64061e-06
1.62953e-05
3.98242e-05
5.04305e-06
1.38229e-05
5.70747e-06
2.78788e-06
1.82737e-05
4.58062e-06
5.91736e-06
3.5917e-06
5.28387e-06
5.35982e-06
3.78767e-06
2.83933e-06
3.68577e-06
2.11823e-05
1.27591e-06
