1.09893e-07
3.09154e-07
1.51589e-07
1.06404e-07
1.19676e-07
2.68606e-07
2.46322e-07
2.30305e-07
7.93022e-08
2.36407e-07
3.78324e-07
1.76256e-07
2.88905e-07
2.9908e-07
2.77424e-07
2.8149e-07
1.54523e-07
1.20444e-07
3.86782e-07
1.87978e-07
2.07324e-07
2.1972e-07
2.71699e-07
1.81466e-07
3.15379e-07
1.44247e-07
1.79466e-07
1.79462e-07
1.35371e-07
1.50306e-07
3.15372e-07
4.26706e-07
4.19803e-07
1.9668e-07
1.32634e-07
2.99266e-07
1.67085e-07
2.58431e-07
1.60205e-07
3.14131e-07
3.71599e-07
1.46709e-07
2.52931e-07
3.60734e-07
2.33581e-07
9.09268e-08
1.72946e-07
1.2137e-07
1.46371e-07
3.14689e-07
1.84761e-07
2.3267e-07
1.26289e-07
4.33048e-07
9.65627e-08
3.30465e-07
1.49158e-07
2.52058e-07
1.38061e-07
4.70635e-07
3.13972e-07
1.76233e-07
4.49548e-07
1.93792e-07
2.71924e-07
2.38597e-07
2.32682e-07
1.9537e-07
2.61617e-07
1.6507e-07
2.10483e-07
2.89107e-07
2.49217e-07
1.98719e-07
1.88276e-07
2.07541e-07
2.14646e-07
1.85183e-07
1.51999e-07
1.90556e-07
1.69744e-07
1.51534e-07
2.03122e-07
2.02793e-07
1.53019e-07
1.6376e-07
2.06204e-07
1.77291e-07
1.71462e-07
2.32391e-07
1.13482e-07
1.85792e-07
1.54957e-07
2.65594e-07
1.58225e-07
1.91486e-07
2.44287e-07
2.1389e-07
2.41736e-07
2.05537e-07
1.45232e-07
2.58121e-07
1.64054e-07
4.18237e-07
2.30895e-07
2.0887e-07
2.03455e-07
2.79079e-07
2.28042e-07
2.16929e-07
1.38189e-07
2.79095e-07
1.82055e-07
2.62183e-07
3.08115e-07
2.222e-07
2.18894e-07
2.27019e-07
2.49147e-07
2.17355e-07
1.85261e-07
1.02451e-07
1.3984e-07
1.40511e-07
3.69738e-07
2.74722e-07
1.62988e-07
1.8916e-07
1.01036e-07
3.07844e-07
1.9278e-07
1.92687e-07
1.31506e-07
2.03316e-07
1.37255e-07
1.55267e-07
1.81047e-07
1.76074e-07
2.65334e-07
2.10401e-07
3.91104e-07
2.2584e-07
1.22192e-07
2.22367e-07
3.02782e-07
1.79702e-07
1.75954e-07
2.6661e-07
1.86621e-07
1.84691e-07
1.92238e-07
1.76237e-07
9.62953e-08
1.16494e-07
1.20847e-07
1.43181e-07
1.71159e-07
1.1254e-07
1.43592e-07
1.82365e-07
2.36596e-07
1.33661e-07
2.16472e-07
2.35651e-07
1.72535e-07
1.53007e-07
1.80175e-07
2.22375e-07
1.43348e-07
3.26725e-07
2.2934e-07
3.42384e-07
1.90397e-07
2.43632e-07
1.60515e-07
1.7376e-07
2.271e-07
2.20243e-07
1.37894e-07
1.49174e-07
2.33282e-07
1.37607e-07
1.52608e-07
2.65078e-07
1.63295e-07
2.93142e-07
2.61016e-07
2.62664e-07
1.49945e-07
4.92965e-07
1.04834e-07
2.26922e-07
8.77716e-08
1.89311e-07
2.62532e-07
3.13817e-07
1.5548e-07
1.50321e-07
3.21372e-07
2.14797e-07
1.50922e-07
3.02262e-07
1.69834e-07
1.77582e-07
1.99172e-07
1.60884e-07
1.21176e-07
2.44981e-07
1.29638e-07
1.5888e-07
1.57492e-07
4.01097e-07
2.34263e-07
1.91199e-07
2.06901e-07
1.92017e-07
1.25828e-07
4.00628e-07
3.18616e-07
1.82939e-07
2.0975e-07
1.20963e-07
2.18572e-07
2.54756e-07
2.42934e-07
3.0265e-07
1.37448e-07
1.68861e-07
2.66966e-07
1.70047e-07
3.3202e-07
1.47375e-07
2.62113e-07
2.73346e-07
2.17805e-07
1.20634e-07
2.47519e-07
1.52883e-07
1.06152e-07
1.96474e-07
1.61023e-07
3.54009e-07
1.8085e-07
2.13898e-07
8.67909e-08
1.74179e-07
3.55598e-07
2.4783e-07
1.63209e-07
2.28251e-07
9.65433e-08
2.45841e-07
2.20759e-07
1.39448e-07
2.50229e-07
1.26095e-07
3.87259e-07
1.42666e-07
3.69215e-07
1.31231e-07
5.52937e-07
1.51445e-07
4.27567e-07
9.53534e-08
2.31391e-07
1.67062e-07
1.43778e-07
2.23867e-07
2.15592e-07
1.71954e-07
1.59306e-07
2.06514e-07
4.32881e-07
1.59953e-07
1.82385e-07
1.56535e-07
1.21114e-07
2.67784e-07
1.69962e-07
2.10626e-07
3.62773e-07
2.25073e-07
1.75617e-07
1.4027e-07
1.9687e-07
1.39739e-07
1.77481e-07
2.11068e-07
1.92079e-07
2.89087e-07
1.44356e-07
2.64951e-07
1.56283e-07
2.65641e-07
1.29487e-07
1.35142e-07
2.29042e-07
1.69047e-07
2.26437e-07
1.06947e-07
3.1636e-07
1.64465e-07
1.98552e-07
1.24072e-07
1.27483e-07
1.55507e-07
2.85506e-07
2.66803e-07
3.20004e-07
1.9675e-07
1.29859e-07
1.16657e-07
3.49365e-07
4.77767e-07
3.49637e-07
1.17866e-07
2.15429e-07
1.52286e-07
1.83664e-07
2.5131e-07
2.15572e-07
1.25944e-07
3.00204e-07
1.06718e-07
1.36727e-07
1.77656e-07
1.57442e-07
4.72119e-07
2.53555e-07
1.26905e-07
1.52007e-07
1.47255e-07
2.36054e-07
2.43349e-07
1.71566e-07
1.85486e-07
2.40271e-07
2.06944e-07
1.80012e-07
2.0173e-07
2.61559e-07
1.17932e-07
2.0499e-07
2.53016e-07
2.5976e-07
2.60505e-07
2.95347e-07
2.25193e-07
2.82052e-07
1.26708e-07
1.40759e-07
2.182e-07
3.28725e-07
1.75884e-07
2.21181e-07
2.86835e-07
2.23476e-07
1.20417e-07
2.28817e-07
1.79458e-07
1.70318e-07
1.67942e-07
1.6038e-07
2.46768e-07
1.05199e-07
1.28824e-07
1.90668e-07
1.74113e-07
1.44022e-07
3.46516e-07
1.96316e-07
2.8849e-07
1.92381e-07
1.71671e-07
1.71074e-07
1.3772e-07
4.89093e-07
2.29406e-07
3.28729e-07
1.71632e-07
9.53572e-08
3.85565e-07
2.64416e-07
2.07874e-07
1.29832e-07
2.13801e-07
1.96273e-07
1.73074e-07
3.09115e-07
1.59907e-07
2.28813e-07
1.88598e-07
2.71776e-07
1.50899e-07
2.66644e-07
1.68582e-07
1.67531e-07
3.52362e-07
2.28243e-07
2.6578e-07
1.12191e-07
1.1913e-07
2.73195e-07
1.71245e-07
2.72211e-07
2.35969e-07
2.28914e-07
2.46581e-07
2.10239e-07
2.38566e-07
1.32146e-07
1.50271e-07
1.17099e-07
2.89878e-07
4.42327e-07
1.59604e-07
3.02479e-07
1.8916e-07
4.31885e-07
1.81481e-07
2.51748e-07
1.99742e-07
2.14499e-07
1.39255e-07
1.63248e-07
1.7847e-07
2.48822e-07
2.39852e-07
2.40352e-07
1.22525e-07
2.22387e-07
1.04803e-07
1.43305e-07
2.58439e-07
1.73597e-07
1.09203e-07
1.99533e-07
2.96231e-07
2.34375e-07
2.10746e-07
3.12573e-07
2.31999e-07
1.74001e-07
1.5943e-07
1.72935e-07
1.38886e-07
1.79001e-07
2.05401e-07
1.74345e-07
1.92536e-07
1.60593e-07
1.69834e-07
2.15185e-07
2.05421e-07
2.71404e-07
1.65008e-07
1.47945e-07
2.78424e-07
2.00188e-07
3.081e-07
1.79834e-07
2.12646e-07
1.07137e-07
2.05266e-07
1.59969e-07
1.70151e-07
2.09642e-07
1.45387e-07
3.28287e-07
2.85874e-07
1.49635e-07
1.12556e-07
1.61527e-07
1.68659e-07
1.59736e-07
3.13732e-07
2.01703e-07
2.2796e-07
2.16417e-07
4.88232e-07
3.41861e-07
2.76819e-07
1.45488e-07
1.90052e-07
1.74163e-07
2.18758e-07
3.7465e-07
1.79187e-07
1.59201e-07
1.15544e-07
2.78067e-07
2.37973e-07
2.09169e-07
2.763e-07
8.54808e-08
9.03919e-08
2.39566e-07
1.84044e-07
3.72347e-07
1.71892e-07
2.94328e-07
2.91053e-07
1.32095e-07
2.47651e-07
2.33341e-07
2.65179e-07
2.37178e-07
1.89071e-07
1.27153e-07
1.24324e-07
8.08062e-08
1.78187e-07
1.71353e-07
2.83994e-07
2.9501e-07
2.07409e-07
1.52868e-07
1.38193e-07
1.23545e-07
3.56377e-07
4.37908e-07
1.8154e-07
2.00165e-07
1.07734e-07
1.25948e-07
1.46135e-07
1.82664e-07
1.00555e-07
3.4552e-07
2.80347e-07
2.55942e-07
1.97595e-07
1.53926e-07
2.72424e-07
2.53082e-07
2.73912e-07
2.09099e-07
1.51883e-07
1.6688e-07
1.92269e-07
1.79896e-07
2.55896e-07
3.82437e-07
2.54361e-07
2.24922e-07
1.57038e-07
1.03664e-07
3.27016e-07
1.65081e-07
3.15313e-07
2.14553e-07
2.03541e-07
1.66268e-07
1.78962e-07
1.81768e-07
2.24604e-07
2.28313e-07
1.5586e-07
2.51493e-07
2.51589e-07
2.26166e-07
1.92532e-07
1.13963e-07
1.03497e-07
1.21824e-07
2.53799e-07
2.49128e-07
2.34825e-07
1.73245e-07
1.58213e-07
1.4408e-07
1.34421e-07
1.17122e-07
2.52965e-07
7.71703e-08
1.70279e-07
1.75008e-07
3.35973e-07
2.01386e-07
2.0382e-07
4.57153e-07
1.75729e-07
1.35088e-07
3.16124e-07
1.94815e-07
1.95459e-07
1.24297e-07
2.41729e-07
1.47274e-07
2.34829e-07
4.48203e-07
1.25905e-07
1.9737e-07
1.47437e-07
1.82978e-07
3.09604e-07
1.91474e-07
1.59965e-07
1.87055e-07
1.70962e-07
2.75323e-07
1.50984e-07
2.3405e-07
1.99564e-07
2.81851e-07
1.96029e-07
1.83784e-07
4.08721e-07
1.20316e-07
2.08816e-07
2.87165e-07
3.6275e-07
1.28103e-07
1.77594e-07
2.85785e-07
2.15289e-07
4.33253e-07
1.71764e-07
2.25662e-07
3.37741e-07
1.6424e-07
3.26895e-07
2.76401e-07
1.42491e-07
1.34549e-07
3.21252e-07
1.81807e-07
2.77695e-07
1.14614e-07
2.44822e-07
1.16288e-07
1.26704e-07
2.99987e-07
1.81055e-07
1.08838e-07
2.92553e-07
2.75707e-07
3.60486e-07
2.17972e-07
1.23987e-07
4.01004e-07
2.5488e-07
1.5788e-07
3.07352e-07
1.79795e-07
1.78939e-07
1.80152e-07
1.00253e-07
2.40023e-07
2.76978e-07
1.3082e-07
2.54721e-07
1.35689e-07
1.82916e-07
1.61523e-07
2.38864e-07
1.26432e-07
2.48458e-07
3.48862e-07
3.43322e-07
2.65951e-07
2.06502e-07
1.16482e-07
2.99545e-07
1.43127e-07
4.39063e-07
5.63496e-07
9.48301e-08
1.84823e-07
3.90247e-07
1.84532e-07
1.84059e-07
2.27193e-07
1.73586e-07
2.33123e-07
1.20389e-07
1.0918e-07
2.05269e-07
4.63096e-07
2.55535e-07
1.21614e-07
2.02215e-07
2.67063e-07
1.32611e-07
2.1877e-07
2.5538e-07
1.45108e-07
1.80257e-07
2.47314e-07
2.32383e-07
2.67086e-07
1.34057e-07
3.25508e-07
1.95331e-07
1.10932e-07
1.39088e-07
3.10945e-07
2.39461e-07
9.85512e-08
1.84381e-07
1.51329e-07
3.81952e-07
2.09126e-07
2.63129e-07
1.80001e-07
9.38494e-08
2.13464e-07
2.05211e-07
2.75835e-07
4.15861e-07
1.72628e-07
3.00631e-07
1.81761e-07
3.17096e-07
1.9187e-07
1.68264e-07
1.62934e-07
9.72604e-08
1.56399e-07
3.71731e-07
1.56151e-07
2.0382e-07
2.33089e-07
2.16235e-07
2.3203e-07
1.75865e-07
2.18545e-07
2.14002e-07
1.68213e-07
1.92877e-07
4.72615e-07
1.13649e-07
3.47803e-07
1.31626e-07
1.94315e-07
1.74644e-07
1.27099e-07
1.84361e-07
2.11126e-07
1.80881e-07
1.35592e-07
2.55663e-07
2.17751e-07
2.49399e-07
1.34282e-07
2.62861e-07
1.30518e-07
1.4746e-07
2.02165e-07
2.0351e-07
1.99866e-07
2.89525e-07
1.78191e-07
2.71575e-07
1.45092e-07
1.93598e-07
1.56984e-07
1.45522e-07
9.66984e-08
2.16475e-07
7.31081e-08
1.97385e-07
2.06758e-07
3.17426e-07
1.29944e-07
1.78346e-07
9.04462e-08
1.18916e-07
1.07552e-07
1.06145e-07
1.19056e-07
2.46209e-07
1.57213e-07
9.72837e-08
1.45367e-07
3.49683e-07
2.15766e-07
1.81823e-07
3.01134e-07
1.54678e-07
3.32795e-07
1.66849e-07
1.74252e-07
2.09541e-07
1.89889e-07
2.1839e-07
2.54435e-07
2.96351e-07
1.49755e-07
1.43204e-07
1.30471e-07
1.17789e-07
9.48378e-08
1.50472e-07
1.44569e-07
2.67741e-07
1.18071e-07
1.08288e-07
1.51337e-07
1.11901e-07
2.43748e-07
1.61612e-07
2.07967e-07
4.12039e-07
3.30938e-07
1.16769e-07
1.40162e-07
1.7109e-07
3.42206e-07
1.86862e-07
3.36741e-07
2.08994e-07
2.30604e-07
2.53059e-07
1.11242e-07
1.83889e-07
9.81597e-08
1.38185e-07
3.33915e-07
2.29902e-07
1.40483e-07
2.55605e-07
1.61403e-07
2.4029e-07
1.28952e-07
3.10146e-07
2.1977e-07
3.65843e-07
1.66543e-07
1.3458e-07
1.17746e-07
8.7477e-08
2.12599e-07
1.93784e-07
1.44263e-07
1.15401e-07
1.5931e-07
1.32956e-07
1.47414e-07
1.34274e-07
2.0173e-07
1.63872e-07
1.39425e-07
2.34131e-07
1.77098e-07
2.80172e-07
2.26484e-07
2.23735e-07
1.4696e-07
1.95455e-07
4.74503e-07
1.93261e-07
3.29566e-07
1.40654e-07
3.31973e-07
1.67849e-07
1.54988e-07
2.66823e-07
2.85983e-07
2.64148e-07
1.50992e-07
2.06746e-07
1.06563e-07
1.56639e-07
3.19647e-07
1.46267e-07
2.02572e-07
3.50834e-07
1.78532e-07
1.74365e-07
2.83657e-07
1.63806e-07
1.61919e-07
1.52317e-07
1.89672e-07
1.32933e-07
2.28042e-07
2.52632e-07
1.86249e-07
2.66648e-07
1.65508e-07
9.02368e-08
9.41634e-08
1.60453e-07
3.44466e-07
1.16986e-07
1.40774e-07
1.82408e-07
2.1615e-07
1.88722e-07
2.13557e-07
2.26801e-07
2.21545e-07
1.62725e-07
2.35693e-07
1.84726e-07
1.72214e-07
1.95013e-07
2.5371e-07
3.30764e-07
3.14546e-07
2.29596e-07
1.93687e-07
3.16895e-07
1.99963e-07
1.06145e-07
2.28437e-07
1.84253e-07
1.98254e-07
2.20138e-07
1.58058e-07
1.52713e-07
2.30968e-07
2.29162e-07
1.31936e-07
1.66989e-07
2.52683e-07
1.20785e-07
3.07557e-07
1.59876e-07
3.75309e-07
3.8265e-07
1.06714e-07
1.22777e-07
1.44453e-07
1.36894e-07
2.3724e-07
3.69014e-07
1.55829e-07
3.02305e-07
3.86104e-07
2.94642e-07
1.78163e-07
4.03205e-07
2.27631e-07
2.59392e-07
1.95657e-07
1.3034e-07
2.11456e-07
9.81791e-08
3.06456e-07
2.77998e-07
2.15533e-07
2.6083e-07
1.64039e-07
1.66574e-07
2.31778e-07
2.94599e-07
3.14511e-07
1.9566e-07
2.94599e-07
1.89904e-07
9.50394e-08
3.82557e-07
1.77838e-07
1.40344e-07
1.43623e-07
1.5843e-07
8.63529e-08
2.29251e-07
2.66113e-07
1.98385e-07
1.64713e-07
2.31352e-07
2.27112e-07
2.40942e-07
1.29727e-07
2.03165e-07
2.33418e-07
2.15301e-07
1.25708e-07
1.88912e-07
1.89691e-07
1.53848e-07
2.31232e-07
1.8416e-07
3.60661e-07
1.94815e-07
1.83544e-07
1.98285e-07
1.23281e-07
2.82975e-07
2.65691e-07
1.80299e-07
1.26735e-07
1.47724e-07
2.24414e-07
1.59089e-07
2.75001e-07
1.80032e-07
1.77427e-07
1.97304e-07
1.94691e-07
3.7263e-07
3.20081e-07
2.07727e-07
3.77851e-07
2.17286e-07
4.11147e-07
2.94029e-07
