2.4629e-05
1.20444e-05
4.93175e-05
1.31514e-06
2.83541e-05
2.62684e-05
2.18347e-05
2.66248e-06
4.32057e-05
2.74037e-06
1.08632e-05
9.53316e-06
2.15516e-06
9.72455e-06
3.99405e-05
1.22919e-05
1.1131e-05
5.3599e-05
7.14363e-05
2.70258e-05
3.09811e-05
8.74119e-07
3.13314e-06
4.02888e-05
1.35365e-05
1.03471e-05
4.1811e-06
9.37902e-06
3.24025e-05
4.01522e-06
1.31286e-05
3.61681e-06
4.15313e-05
1.44667e-05
8.00344e-05
9.48374e-07
0.000122834
6.37674e-05
7.99805e-05
5.593e-06
4.54966e-05
5.2105e-05
6.24519e-05
5.62463e-05
8.47896e-06
4.2915e-06
1.69668e-05
3.96159e-05
1.32213e-05
3.72444e-05
4.05668e-05
2.10773e-05
3.8203e-06
1.77284e-05
1.12367e-05
5.98065e-05
5.62777e-05
2.88342e-05
3.85542e-05
2.05615e-05
2.31035e-05
3.88134e-05
8.20412e-06
3.87135e-07
9.44734e-05
4.25818e-05
2.4274e-05
3.04527e-05
1.16934e-05
4.82404e-05
2.05855e-07
1.61582e-05
5.56378e-06
1.34959e-05
1.85366e-05
2.42077e-06
5.24908e-05
2.69733e-05
7.06008e-06
4.34801e-05
1.23939e-05
2.17182e-05
4.59286e-06
2.49741e-05
6.0447e-05
1.89781e-05
4.1041e-05
5.35987e-05
1.74157e-06
1.95915e-06
1.99928e-05
7.36338e-06
5.2853e-06
5.23473e-05
1.27883e-05
7.3871e-05
3.54302e-05
1.79716e-05
1.19922e-06
9.84063e-05
4.77404e-05
1.60904e-05
1.64038e-06
2.94987e-05
4.43641e-06
4.44326e-05
1.62606e-05
3.54004e-05
9.51979e-05
5.35276e-05
1.13346e-05
6.00158e-05
3.43953e-05
7.71997e-05
2.39149e-05
4.01352e-07
3.4845e-06
9.21412e-05
7.45621e-06
2.17048e-05
1.50514e-05
3.15582e-05
4.45485e-06
1.49903e-05
3.47116e-06
7.0014e-05
6.6469e-05
4.22923e-07
5.95863e-05
5.07852e-05
3.16772e-05
4.18944e-05
9.92647e-06
5.37723e-05
3.28821e-05
8.03545e-05
1.77303e-05
2.10346e-06
7.48689e-06
2.8813e-05
1.83081e-05
4.13377e-05
1.84082e-07
1.98909e-05
5.92845e-06
1.09793e-05
0.000125219
2.81724e-05
9.79915e-07
2.20263e-05
3.27897e-05
3.90328e-05
7.55699e-07
7.09545e-07
5.12013e-05
2.71873e-05
7.22946e-05
5.48549e-05
4.27931e-06
5.58904e-05
1.66828e-06
8.73088e-07
2.77701e-05
1.31277e-05
1.01792e-05
5.65871e-06
7.93901e-06
1.35574e-05
4.82581e-05
7.79268e-05
4.22396e-05
4.84579e-05
2.11758e-05
3.16347e-05
5.32376e-05
3.55633e-05
1.4512e-05
9.6916e-06
6.69011e-05
2.57353e-05
2.16552e-05
2.42491e-05
3.2589e-06
2.88418e-05
3.19173e-05
5.75985e-06
5.76326e-07
3.28352e-05
9.04904e-05
4.53724e-05
3.03249e-06
9.27879e-06
4.89186e-06
4.27908e-05
4.70893e-05
6.27168e-05
1.69468e-05
0.000128258
1.50123e-05
8.5422e-06
7.05406e-06
3.4664e-05
7.12306e-05
7.47885e-06
1.26902e-05
3.07979e-05
1.59502e-05
3.92099e-06
7.51318e-05
5.24692e-05
0.000106037
3.39754e-05
5.27334e-06
3.84237e-05
1.77244e-05
1.64997e-05
4.52699e-05
2.60453e-06
3.25643e-05
1.18022e-05
9.11416e-06
5.17581e-05
5.59591e-06
2.25531e-05
0.000149515
1.18915e-05
1.34359e-06
5.61629e-06
9.68473e-06
3.09995e-05
2.52414e-05
5.23169e-05
6.15853e-05
2.11886e-05
4.74856e-05
5.42624e-05
4.33941e-05
2.67298e-05
6.73612e-05
1.95606e-05
2.44017e-05
3.26859e-05
9.78329e-06
4.31451e-05
5.66007e-05
1.05249e-05
5.97238e-06
5.13237e-06
6.85498e-05
0.000108626
1.42248e-05
5.5038e-06
5.0705e-05
4.32746e-05
1.30805e-05
1.62408e-05
1.90858e-07
7.82703e-05
2.62407e-05
2.8821e-05
1.03678e-05
6.48776e-05
8.71446e-05
9.60782e-05
6.42631e-07
7.40365e-07
2.60777e-05
4.47126e-05
2.61092e-05
4.26381e-06
3.16229e-05
2.33803e-05
0.000115775
4.48526e-05
1.65979e-06
1.96074e-05
3.44506e-05
2.39587e-05
1.23587e-05
2.26498e-05
0.000145525
4.24548e-06
9.74007e-06
3.01464e-05
3.03952e-05
3.52879e-06
6.07402e-05
2.34324e-05
3.96811e-06
1.66758e-05
5.61538e-06
8.91754e-05
4.09496e-05
8.02968e-06
3.55961e-05
2.56784e-05
3.17961e-05
6.79328e-06
3.1386e-07
3.05328e-07
6.88871e-06
0.000125994
9.32454e-05
3.59536e-06
4.70424e-05
3.04517e-05
2.40604e-05
2.36689e-05
5.72505e-05
4.07945e-05
3.51074e-05
1.59896e-05
3.83074e-06
1.48775e-05
3.22891e-05
2.05275e-05
1.18308e-05
8.59719e-06
7.1078e-06
1.25351e-05
6.85754e-06
1.82633e-06
1.33446e-05
4.23525e-05
4.70917e-05
4.31823e-05
1.37495e-05
3.06352e-05
6.99217e-05
9.07227e-05
1.29342e-06
1.08169e-05
1.53118e-06
8.79281e-06
1.10024e-05
0.000111063
3.76181e-05
5.94616e-05
7.91752e-05
2.44987e-05
3.55105e-05
0.000101622
4.36807e-06
1.32971e-05
5.96368e-05
6.05275e-05
3.63085e-05
5.27104e-06
3.19871e-05
3.12728e-05
5.83008e-05
4.63913e-05
2.50762e-05
5.10956e-05
4.10917e-05
1.32108e-05
4.40727e-05
1.19197e-05
1.73171e-05
3.45505e-05
5.90421e-05
9.57195e-05
4.11139e-05
2.8527e-05
2.78627e-05
0.000171115
2.38994e-05
5.33629e-05
2.19595e-06
4.16742e-05
4.73951e-05
1.05977e-05
5.97988e-05
1.95328e-06
2.46575e-05
1.59009e-06
9.91372e-05
1.52911e-05
1.27209e-06
6.28007e-05
3.38773e-05
5.27153e-07
0.000128873
4.86501e-05
0.000130112
1.72398e-05
1.07085e-05
1.40954e-06
6.40778e-05
2.19831e-05
4.38334e-06
0.000111655
7.56312e-06
1.97144e-05
5.11486e-05
8.05762e-06
5.38703e-05
1.12534e-05
4.09492e-05
8.82414e-06
6.74345e-05
6.69882e-05
8.65791e-06
1.52152e-05
1.40378e-05
8.59347e-05
9.62916e-06
6.24396e-05
1.88682e-05
2.27339e-05
6.38794e-06
1.16765e-05
1.26158e-05
1.88312e-05
2.97413e-05
2.38808e-05
1.34459e-05
1.45481e-05
2.83625e-06
1.31903e-05
2.6921e-05
1.04244e-05
1.91377e-05
2.56074e-05
8.21791e-06
2.35143e-05
1.35736e-05
8.85262e-05
2.30848e-05
8.33395e-06
3.23943e-05
1.36027e-05
2.60431e-06
1.89182e-05
9.60185e-05
4.46951e-05
7.91986e-06
1.78882e-05
1.02845e-05
2.85914e-05
1.0708e-05
1.70288e-05
1.50982e-05
3.36077e-05
2.62188e-05
8.63179e-05
2.48173e-06
5.2318e-06
1.62979e-05
9.43453e-05
9.37147e-05
2.42232e-05
8.92998e-06
4.64808e-06
5.32392e-05
3.17694e-06
4.14965e-07
1.14409e-05
1.99304e-05
1.20628e-05
5.12721e-05
6.96125e-05
2.59361e-05
7.51859e-06
2.10959e-05
3.02665e-05
6.34787e-06
1.90718e-06
8.72447e-05
3.88813e-05
7.64674e-06
5.15068e-05
1.63764e-05
4.55866e-05
4.69011e-05
3.71111e-05
8.43621e-06
7.2011e-05
1.78352e-05
3.24459e-05
3.44931e-06
1.989e-05
0.000102234
3.02525e-06
1.8832e-05
4.72006e-05
2.51043e-05
0.000101641
9.15231e-05
1.04194e-06
5.64877e-05
2.82937e-05
4.58188e-07
6.3288e-06
7.35124e-06
3.39737e-05
6.50252e-06
3.03328e-05
1.58417e-05
5.79422e-05
3.13029e-05
6.61346e-05
3.89167e-05
5.27087e-06
4.52434e-05
4.38564e-05
0.000104013
6.20187e-06
4.95652e-05
3.56132e-05
0.000119119
4.98758e-06
4.00258e-05
1.41438e-05
1.00406e-05
4.96857e-05
3.6581e-05
5.27221e-06
7.06416e-06
2.46715e-05
2.88348e-05
8.16612e-06
9.97345e-05
7.62416e-07
5.55317e-06
2.21141e-05
3.61439e-05
1.45195e-05
4.60508e-06
1.37043e-05
1.9381e-05
7.00121e-05
2.30609e-06
7.11412e-05
2.11775e-05
4.47946e-05
4.85082e-05
6.43808e-05
1.22695e-05
2.57407e-05
5.18517e-05
4.49074e-05
8.78917e-05
1.96134e-05
3.78837e-05
2.5777e-05
5.1008e-05
5.70005e-05
1.38251e-05
3.25066e-05
6.50036e-06
2.83476e-05
0.000144636
0.000109725
8.2996e-05
3.06405e-05
4.47653e-05
2.76954e-05
5.23271e-05
6.41523e-05
1.15409e-05
1.57884e-06
3.1651e-05
3.88569e-06
2.5196e-05
9.18965e-06
5.94691e-05
3.42301e-05
4.93879e-05
7.30687e-05
6.60994e-05
7.23779e-05
2.98216e-05
1.53298e-05
3.2638e-05
8.97269e-05
4.29543e-05
2.2256e-05
9.39509e-05
1.50091e-05
4.15811e-05
7.76567e-06
0.000104312
5.5142e-06
9.16823e-05
3.31893e-05
5.01187e-05
7.20435e-05
9.10016e-06
2.06103e-05
3.10944e-05
5.26282e-06
5.50145e-05
5.71655e-07
3.75213e-06
1.59812e-05
3.31067e-05
2.81756e-05
2.53581e-05
8.71005e-05
3.55764e-05
5.73256e-06
4.55068e-05
9.87531e-05
6.43036e-06
1.13458e-05
2.0325e-05
6.82932e-07
2.07619e-05
1.84544e-06
1.33442e-05
1.58645e-05
1.04458e-06
4.01983e-05
9.38351e-06
1.79683e-05
1.57746e-05
4.90479e-05
3.72069e-05
2.97273e-05
2.82127e-05
8.05035e-06
7.81409e-06
2.50613e-05
9.80842e-06
5.77502e-05
1.90655e-05
0.000114382
8.96582e-05
6.4482e-06
2.73953e-05
7.34093e-05
7.03604e-05
1.72696e-06
3.09394e-05
5.28554e-05
5.95051e-05
4.5895e-05
2.0437e-05
3.73551e-06
1.78492e-05
9.37249e-06
2.44448e-06
5.00572e-05
1.21927e-06
6.75625e-06
2.53991e-05
2.30268e-05
1.78995e-05
3.35235e-05
6.30566e-06
3.46801e-05
1.67589e-06
1.60412e-06
1.72621e-05
5.8447e-06
7.92362e-06
7.57069e-06
5.97525e-05
1.78721e-05
1.05593e-05
3.08888e-06
3.1189e-05
4.32548e-05
2.72277e-05
1.22382e-05
1.04591e-05
4.63801e-06
7.32581e-06
1.4757e-05
2.38968e-05
4.74891e-07
3.43117e-05
2.66686e-06
6.62352e-05
1.40562e-06
4.21183e-05
1.92547e-05
7.59568e-05
6.09981e-05
4.35229e-05
0.000180411
2.68142e-05
3.27758e-05
1.51458e-05
1.82088e-05
1.26887e-05
1.15489e-05
2.32581e-05
1.5333e-05
1.09316e-05
8.08101e-05
7.14941e-06
7.47913e-06
1.77828e-05
2.51901e-05
2.82149e-06
2.12769e-06
3.64934e-06
4.47895e-06
7.81246e-06
1.6644e-05
1.11267e-05
4.2317e-06
1.41469e-05
6.67055e-05
2.33191e-05
2.13625e-05
6.85607e-05
3.00727e-05
3.53184e-05
4.49029e-06
1.17622e-05
3.89391e-05
3.57946e-05
5.53338e-05
1.98716e-05
2.50407e-05
1.43219e-05
8.35387e-06
1.7141e-05
2.41257e-05
1.11037e-05
1.65646e-05
5.77802e-06
1.08482e-05
0.000110541
3.12192e-05
1.40538e-05
5.0289e-05
0.000103854
1.32931e-05
6.08598e-05
1.46182e-05
1.27182e-06
3.35958e-06
1.74446e-05
0.000100105
9.96063e-06
8.66138e-06
8.22586e-07
2.4364e-05
4.66899e-05
1.66189e-05
6.3755e-05
4.89349e-06
4.09299e-06
1.85341e-05
9.96236e-05
7.59623e-05
8.8096e-05
4.70667e-06
0.000121926
8.03376e-06
1.89845e-06
3.8387e-05
1.7097e-05
1.63487e-05
1.75378e-05
2.75411e-05
2.2588e-06
5.296e-06
5.0381e-05
5.55971e-05
5.14033e-05
0.000117666
6.98641e-05
1.42763e-05
1.42435e-05
2.38257e-05
2.28253e-05
1.23782e-05
7.14027e-05
5.3864e-06
1.33679e-05
0.000150901
2.56959e-05
6.63376e-05
5.89828e-05
3.26755e-06
2.57272e-06
5.06075e-05
4.35581e-05
3.28597e-05
1.22259e-05
5.14418e-05
0.000120298
5.96981e-05
6.29112e-05
1.2068e-05
0.000111943
1.84675e-05
9.75946e-06
5.82591e-05
5.52165e-05
7.41356e-05
7.68734e-05
6.59606e-05
7.03249e-06
8.51048e-05
4.871e-06
2.56348e-05
2.51962e-05
0.000162262
1.03416e-05
3.1185e-06
3.3323e-05
1.17981e-06
1.6465e-05
1.70839e-05
0.000103326
1.62819e-05
1.58859e-05
1.19054e-05
5.61945e-07
1.47806e-05
2.1596e-05
3.98151e-05
0.000112091
6.55602e-05
1.91489e-05
1.50046e-05
1.22718e-05
4.8555e-05
2.10959e-05
8.64349e-06
7.90113e-05
4.70628e-05
0.00010589
7.25918e-05
1.78323e-05
1.16084e-05
6.06086e-06
1.78083e-06
4.64085e-05
3.5003e-05
6.55012e-06
1.49517e-05
5.53367e-05
6.21926e-05
2.9939e-05
1.09976e-05
2.02634e-05
2.83094e-05
2.59162e-06
3.776e-05
1.21047e-05
1.83135e-05
5.10057e-05
5.41356e-06
5.13474e-05
8.18644e-05
9.03823e-06
4.68194e-06
2.93895e-05
2.12203e-06
0.000106557
6.96174e-06
1.17985e-05
2.63098e-06
3.07741e-05
5.11404e-05
2.14903e-05
9.00542e-06
0.000112247
3.10105e-05
1.97445e-05
7.00432e-07
1.17151e-05
0.000122995
4.21538e-05
0.000134366
6.55789e-05
4.94542e-05
2.58144e-05
2.95697e-05
3.09543e-06
2.00292e-05
1.13463e-05
9.73758e-05
7.7798e-06
1.3188e-05
5.14801e-05
9.61134e-06
2.62335e-05
9.34374e-06
3.98265e-05
7.044e-06
3.90815e-05
0.00010309
6.02499e-05
1.82179e-05
1.37962e-05
6.09033e-05
9.40016e-05
1.5092e-05
1.19389e-05
2.31998e-05
2.62759e-05
1.2502e-06
4.18473e-05
3.36621e-05
1.47147e-05
1.6655e-05
8.47845e-06
2.16488e-05
3.91901e-05
5.64264e-05
4.95605e-07
6.35527e-06
2.64504e-05
7.35321e-05
2.06417e-05
0.000121918
2.58258e-05
1.71411e-05
3.71627e-05
9.90154e-06
9.19013e-07
1.56895e-05
3.00694e-05
1.35707e-05
1.71144e-05
4.75539e-05
1.0982e-05
3.84275e-05
1.84626e-05
2.92664e-05
1.2308e-05
2.62923e-05
2.33207e-05
3.70648e-05
6.30879e-06
6.82732e-05
1.17386e-05
4.62168e-05
9.73415e-05
2.29235e-05
6.32197e-06
4.17545e-05
3.77766e-05
3.17367e-05
4.769e-05
4.73433e-05
8.57368e-06
2.29465e-05
8.30052e-06
9.40243e-06
2.9906e-06
9.25893e-06
7.28637e-05
2.84202e-05
6.34342e-06
2.21844e-05
2.63814e-05
2.49146e-05
4.86967e-05
1.38796e-05
4.98819e-05
1.38519e-05
4.06775e-05
6.38557e-07
1.5166e-05
5.70877e-06
0.000128565
8.14367e-05
3.0934e-05
2.15611e-05
2.5206e-05
1.38692e-05
8.38326e-06
5.05071e-05
1.57997e-05
0.00011669
1.31588e-05
2.69643e-05
4.75528e-06
1.0071e-05
4.16902e-05
1.05427e-05
1.8881e-05
3.79214e-05
2.28364e-05
1.00268e-05
4.72287e-05
9.09985e-05
6.1301e-05
1.29975e-05
6.38251e-05
6.41119e-05
2.32822e-05
3.01479e-05
2.55573e-06
2.08327e-05
9.3335e-07
2.1296e-05
1.31435e-05
1.36402e-05
2.3959e-05
1.89574e-05
