6.95731e-08
7.31081e-08
5.73477e-08
6.291e-08
4.33664e-08
8.00813e-08
7.46741e-08
6.66543e-08
7.43834e-08
5.13862e-08
7.00072e-08
4.99442e-08
5.08241e-08
6.74644e-08
7.72944e-08
5.00528e-08
6.29797e-08
4.45641e-08
8.66088e-08
8.16744e-08
8.37016e-08
5.9654e-08
5.95067e-08
5.9747e-08
7.79882e-08
5.89524e-08
5.47778e-08
4.39323e-08
1.0435e-07
6.62512e-08
4.81302e-08
7.50152e-08
4.73588e-08
5.44367e-08
6.27743e-08
8.68064e-08
6.85536e-08
7.07204e-08
4.95295e-08
6.96932e-08
4.61107e-08
6.98444e-08
1.00594e-07
6.6728e-08
1.03028e-07
7.06468e-08
6.18053e-08
3.96685e-08
6.80187e-08
5.35723e-08
8.65274e-08
6.04292e-08
7.3833e-08
6.96467e-08
8.95973e-08
7.27089e-08
4.73084e-08
6.9449e-08
8.97252e-08
6.89606e-08
6.52279e-08
9.21865e-08
6.70458e-08
6.04912e-08
8.70661e-08
6.59024e-08
6.73753e-08
4.99248e-08
8.02519e-08
7.11739e-08
6.52822e-08
7.52981e-08
7.66277e-08
7.63873e-08
7.40035e-08
8.54072e-08
5.40297e-08
4.95101e-08
7.59106e-08
6.91544e-08
5.27699e-08
7.21933e-08
6.19564e-08
8.18876e-08
4.77736e-08
5.20684e-08
5.02892e-08
6.83637e-08
7.36392e-08
8.98221e-08
5.66345e-08
3.86763e-08
4.13198e-08
4.5382e-08
7.80502e-08
6.30573e-08
5.69097e-08
4.16144e-08
5.43669e-08
8.68026e-08
4.69363e-08
5.24133e-08
6.23285e-08
4.9638e-08
8.18101e-08
6.24758e-08
6.32084e-08
5.4363e-08
1.06509e-07
7.35733e-08
9.23183e-08
4.55138e-08
7.31197e-08
5.1828e-08
6.19681e-08
7.44919e-08
5.73903e-08
9.74659e-08
5.67236e-08
7.2267e-08
6.87397e-08
7.34182e-08
4.88163e-08
4.3285e-08
5.97509e-08
7.48446e-08
4.7824e-08
3.43698e-08
5.52894e-08
6.27355e-08
8.3252e-08
5.98827e-08
9.7962e-08
7.9151e-08
5.09016e-08
7.59959e-08
3.71025e-08
7.35849e-08
4.80914e-08
4.75061e-08
6.89451e-08
8.78104e-08
4.88356e-08
5.73554e-08
6.63287e-08
8.28799e-08
8.3066e-08
6.57008e-08
6.63404e-08
6.34449e-08
5.33514e-08
7.07475e-08
5.35917e-08
4.72697e-08
8.6225e-08
6.66001e-08
6.28053e-08
5.19288e-08
7.5554e-08
6.9387e-08
5.23164e-08
5.32312e-08
5.74678e-08
6.72823e-08
9.05198e-08
6.3096e-08
7.2422e-08
5.08086e-08
6.47201e-08
5.10412e-08
5.33165e-08
5.04365e-08
6.82474e-08
4.40719e-08
5.7964e-08
8.07829e-08
5.70221e-08
8.02984e-08
7.18174e-08
3.97034e-08
5.79446e-08
6.98095e-08
5.1173e-08
5.16536e-08
5.68011e-08
7.60773e-08
6.81544e-08
6.01463e-08
5.95106e-08
6.34371e-08
5.73903e-08
4.68162e-08
4.83434e-08
4.78434e-08
6.61349e-08
7.07902e-08
1.09877e-07
5.65996e-08
4.8917e-08
5.71965e-08
7.39764e-08
6.88211e-08
6.23518e-08
5.11652e-08
7.58175e-08
5.2173e-08
5.5929e-08
6.14409e-08
6.2565e-08
5.14327e-08
7.3802e-08
4.80062e-08
6.33906e-08
4.60371e-08
6.04951e-08
5.68166e-08
4.5289e-08
9.959e-08
4.99752e-08
4.24865e-08
5.5615e-08
5.31847e-08
5.85144e-08
8.71979e-08
6.97281e-08
7.08173e-08
7.36624e-08
4.10174e-08
5.94447e-08
5.63515e-08
4.9138e-08
7.38407e-08
7.74029e-08
6.29448e-08
7.77518e-08
6.92475e-08
4.77309e-08
4.87543e-08
5.99525e-08
8.93957e-08
5.75066e-08
4.83899e-08
8.43567e-08
4.80992e-08
4.50564e-08
5.65957e-08
4.82387e-08
4.30602e-08
5.39987e-08
7.53292e-08
6.5976e-08
8.71669e-08
7.01971e-08
4.01841e-08
5.82276e-08
9.30393e-08
7.09995e-08
6.14254e-08
5.76539e-08
7.26275e-08
5.82896e-08
5.98362e-08
7.72982e-08
5.1173e-08
4.97814e-08
6.07199e-08
7.73641e-08
8.51436e-08
4.73123e-08
5.43785e-08
5.05257e-08
4.83434e-08
4.47037e-08
7.02785e-08
6.70381e-08
8.88957e-08
5.8433e-08
7.48369e-08
4.74557e-08
5.71733e-08
4.85023e-08
5.78089e-08
5.87702e-08
5.70725e-08
7.25732e-08
6.22975e-08
3.75444e-08
8.01162e-08
5.33165e-08
7.38136e-08
5.57274e-08
6.87591e-08
6.16696e-08
4.39556e-08
7.08328e-08
7.56005e-08
9.39308e-08
5.26963e-08
5.46421e-08
6.45186e-08
5.77353e-08
6.05765e-08
6.21735e-08
8.51746e-08
8.46862e-08
7.03677e-08
1.02183e-07
8.74072e-08
6.67474e-08
4.4223e-08
4.10756e-08
4.6665e-08
6.88909e-08
7.03212e-08
5.97664e-08
5.62352e-08
5.94447e-08
6.17704e-08
9.45898e-08
6.48635e-08
6.52395e-08
8.65545e-08
5.27157e-08
9.67527e-08
5.68283e-08
4.94636e-08
6.45418e-08
6.4848e-08
7.24879e-08
4.9076e-08
5.25413e-08
5.70298e-08
5.35103e-08
7.03289e-08
6.12897e-08
8.10349e-08
6.02083e-08
7.67943e-08
6.71543e-08
7.54532e-08
6.26231e-08
5.52468e-08
5.43979e-08
4.40835e-08
5.40103e-08
5.54949e-08
7.74765e-08
5.40762e-08
5.61422e-08
5.9216e-08
5.36692e-08
5.46576e-08
4.68976e-08
5.5398e-08
7.23019e-08
6.77203e-08
4.73317e-08
6.90188e-08
8.50932e-08
6.89916e-08
6.72009e-08
6.93793e-08
9.88652e-08
4.71263e-08
5.37002e-08
6.20068e-08
6.35767e-08
4.82116e-08
5.76733e-08
7.2143e-08
6.8856e-08
5.84524e-08
7.96976e-08
7.05305e-08
3.15364e-08
4.80643e-08
5.90764e-08
4.79519e-08
6.98483e-08
9.67139e-08
7.99573e-08
8.00852e-08
6.37666e-08
8.8605e-08
4.99636e-08
4.2816e-08
5.00566e-08
7.56237e-08
6.28363e-08
7.37554e-08
6.66853e-08
6.0623e-08
6.85614e-08
6.83094e-08
5.54755e-08
7.09336e-08
7.70037e-08
6.52046e-08
8.33257e-08
4.56688e-08
6.46504e-08
5.41537e-08
6.4817e-08
5.55143e-08
5.36615e-08
5.95455e-08
6.69334e-08
5.17079e-08
5.67663e-08
5.2425e-08
5.98982e-08
3.35907e-08
6.05649e-08
6.72513e-08
4.65061e-08
9.15702e-08
5.86966e-08
8.21861e-08
4.7324e-08
6.92862e-08
1.00896e-07
6.19138e-08
6.66931e-08
5.55763e-08
5.53011e-08
6.2627e-08
6.53674e-08
7.94146e-08
6.23867e-08
7.60462e-08
5.86966e-08
6.14215e-08
5.67973e-08
6.49643e-08
5.6367e-08
6.8856e-08
7.23406e-08
1.14622e-07
4.49672e-08
5.30258e-08
6.16773e-08
7.09026e-08
4.7634e-08
6.65652e-08
7.593e-08
1.19103e-07
5.01342e-08
6.36348e-08
1.04986e-07
5.63438e-08
4.77503e-08
5.79214e-08
4.41029e-08
6.83211e-08
5.27816e-08
9.46285e-08
5.57972e-08
6.21037e-08
8.64847e-08
5.6743e-08
5.58902e-08
8.06124e-08
4.54091e-08
5.87276e-08
7.28678e-08
4.55758e-08
5.33552e-08
4.98357e-08
7.27476e-08
5.35801e-08
7.36159e-08
5.86694e-08
5.73516e-08
5.83594e-08
7.03561e-08
6.82823e-08
6.43558e-08
8.04069e-08
6.78831e-08
4.92388e-08
5.25568e-08
5.76461e-08
5.54522e-08
5.78167e-08
7.12088e-08
8.18682e-08
6.8763e-08
3.68893e-08
4.97853e-08
7.10034e-08
6.28131e-08
5.67197e-08
4.84868e-08
8.59576e-08
5.52623e-08
5.87392e-08
6.50225e-08
7.26003e-08
5.85493e-08
5.55957e-08
4.97388e-08
7.51586e-08
6.22937e-08
6.20262e-08
5.60763e-08
6.00842e-08
5.62158e-08
5.53398e-08
5.76461e-08
5.51809e-08
8.74228e-08
6.08285e-08
5.58205e-08
6.56116e-08
4.9859e-08
5.43049e-08
5.81539e-08
5.20257e-08
7.67595e-08
7.51974e-08
5.68632e-08
7.12166e-08
5.71577e-08
5.67197e-08
5.72043e-08
6.56039e-08
8.23876e-08
4.62154e-08
6.16541e-08
7.4302e-08
5.94292e-08
7.52981e-08
6.61349e-08
7.693e-08
4.55913e-08
4.52425e-08
4.91845e-08
6.03207e-08
8.438e-08
7.4895e-08
4.13586e-08
5.85144e-08
5.66577e-08
6.41465e-08
7.32167e-08
6.62047e-08
7.01739e-08
5.19017e-08
6.44255e-08
5.81113e-08
8.99267e-08
4.43122e-08
8.81127e-08
6.31619e-08
5.00838e-08
6.87164e-08
5.20335e-08
4.26028e-08
8.0531e-08
7.53136e-08
7.56625e-08
5.75105e-08
6.05145e-08
7.16274e-08
7.04452e-08
4.11647e-08
9.32564e-08
5.8809e-08
3.83623e-08
5.6712e-08
3.92809e-08
5.38281e-08
7.86316e-08
7.77052e-08
5.41964e-08
6.84219e-08
5.11381e-08
5.84253e-08
4.71612e-08
6.05378e-08
6.02664e-08
6.20495e-08
5.15528e-08
4.58394e-08
5.44638e-08
8.47288e-08
5.3425e-08
5.88594e-08
7.79649e-08
5.56344e-08
7.40888e-08
5.83128e-08
7.21856e-08
8.53761e-08
7.21468e-08
6.67861e-08
5.70298e-08
5.53011e-08
4.50176e-08
6.11037e-08
6.32666e-08
6.57822e-08
6.96816e-08
7.38136e-08
6.62977e-08
7.05537e-08
3.83623e-08
6.87281e-08
5.63786e-08
7.61393e-08
6.54101e-08
8.56397e-08
6.20533e-08
6.61931e-08
5.1142e-08
4.59906e-08
5.93478e-08
9.71868e-08
5.477e-08
6.07122e-08
6.61659e-08
5.82159e-08
6.69063e-08
8.38761e-08
5.83206e-08
6.03013e-08
6.65807e-08
6.42046e-08
4.62425e-08
5.36731e-08
8.55351e-08
4.03391e-08
1.06943e-07
5.8278e-08
5.76113e-08
6.08789e-08
5.28281e-08
5.15412e-08
5.74252e-08
8.31861e-08
5.91578e-08
9.05586e-08
5.59213e-08
5.20218e-08
8.1031e-08
7.80929e-08
6.39682e-08
7.42981e-08
4.47037e-08
4.2909e-08
6.40961e-08
5.33863e-08
6.34061e-08
5.00062e-08
7.00498e-08
6.28092e-08
8.82096e-08
5.66267e-08
4.7979e-08
6.92901e-08
5.68128e-08
4.79984e-08
8.79615e-08
6.14564e-08
4.24749e-08
6.2941e-08
8.89577e-08
5.40142e-08
5.92625e-08
3.62924e-08
7.73215e-08
4.64092e-08
8.02906e-08
9.13105e-08
6.04137e-08
4.15795e-08
8.419e-08
5.56112e-08
4.55874e-08
5.27661e-08
5.97083e-08
6.3817e-08
4.34633e-08
5.11575e-08
7.11972e-08
7.3267e-08
6.04874e-08
5.20374e-08
5.38902e-08
6.61969e-08
7.66936e-08
6.13285e-08
6.80304e-08
6.79335e-08
4.58084e-08
4.40874e-08
6.51698e-08
9.92295e-08
5.83749e-08
8.12597e-08
8.56165e-08
6.61698e-08
8.38489e-08
6.81738e-08
6.51814e-08
7.49144e-08
5.23048e-08
5.05334e-08
5.44599e-08
5.53631e-08
5.11303e-08
5.98556e-08
4.14787e-08
7.50501e-08
5.31266e-08
7.45074e-08
6.8166e-08
9.64852e-08
6.09525e-08
6.56543e-08
3.2238e-08
9.44696e-08
9.56906e-08
6.49294e-08
5.05877e-08
7.355e-08
6.01424e-08
6.89529e-08
7.3081e-08
6.59838e-08
5.65027e-08
4.99442e-08
4.52773e-08
4.77581e-08
7.05847e-08
4.97698e-08
5.34018e-08
4.32966e-08
5.00334e-08
7.19414e-08
5.90532e-08
6.50961e-08
6.27045e-08
7.38601e-08
4.33703e-08
6.22975e-08
4.94016e-08
4.97776e-08
9.82605e-08
3.72537e-08
7.29453e-08
5.62972e-08
5.62546e-08
6.31658e-08
4.56611e-08
5.74485e-08
5.3801e-08
7.91782e-08
7.19336e-08
6.63171e-08
6.29293e-08
7.58331e-08
6.94103e-08
5.4708e-08
5.42778e-08
6.6476e-08
4.36687e-08
6.5976e-08
7.1767e-08
6.32201e-08
7.64416e-08
5.4584e-08
5.02582e-08
7.4895e-08
5.43475e-08
7.42942e-08
5.81539e-08
6.95769e-08
4.71689e-08
6.61272e-08
5.78671e-08
5.27932e-08
7.75424e-08
7.08716e-08
4.94132e-08
5.28979e-08
8.0969e-08
1.00063e-07
6.62357e-08
4.65797e-08
7.57943e-08
5.53243e-08
5.78593e-08
5.70492e-08
5.77237e-08
6.72474e-08
3.98391e-08
4.6572e-08
4.85876e-08
5.77663e-08
5.44871e-08
8.34652e-08
6.26968e-08
6.0844e-08
7.54958e-08
6.46e-08
4.82581e-08
5.14327e-08
5.3832e-08
4.23315e-08
5.87043e-08
7.4302e-08
9.12175e-08
7.3895e-08
5.6743e-08
6.34022e-08
5.21924e-08
5.83787e-08
6.47085e-08
7.3833e-08
8.06666e-08
5.81268e-08
8.99345e-08
6.1092e-08
9.80085e-08
5.79562e-08
4.76961e-08
4.83395e-08
5.34173e-08
7.21701e-08
8.40505e-08
5.17428e-08
7.14065e-08
5.26575e-08
8.63684e-08
4.90062e-08
5.36111e-08
5.99602e-08
6.22394e-08
5.11691e-08
6.70846e-08
5.81811e-08
7.30112e-08
9.65162e-08
7.36624e-08
6.65497e-08
6.00028e-08
6.34759e-08
7.75037e-08
6.09603e-08
4.93822e-08
6.56892e-08
6.91971e-08
8.0748e-08
7.56276e-08
8.40234e-08
8.52405e-08
4.6979e-08
5.70298e-08
8.41513e-08
7.21507e-08
8.37171e-08
6.86893e-08
6.96157e-08
5.75492e-08
6.17394e-08
4.72697e-08
6.70187e-08
7.32399e-08
6.68714e-08
6.63752e-08
6.48325e-08
6.08168e-08
7.34143e-08
7.28174e-08
5.72585e-08
3.60482e-08
6.5131e-08
7.79688e-08
6.03478e-08
4.56611e-08
4.7103e-08
7.77983e-08
1.00613e-07
8.79964e-08
7.136e-08
7.04956e-08
5.89563e-08
8.30233e-08
8.52986e-08
5.06962e-08
8.13566e-08
5.59329e-08
7.19375e-08
7.33988e-08
6.30766e-08
6.86428e-08
4.97776e-08
9.83884e-08
7.87363e-08
6.89878e-08
4.97543e-08
6.80691e-08
5.06691e-08
5.55259e-08
5.03861e-08
5.0138e-08
9.42874e-08
5.04055e-08
6.95072e-08
4.8448e-08
4.96807e-08
6.55961e-08
7.48795e-08
5.91656e-08
7.17476e-08
3.568e-08
6.35108e-08
7.26236e-08
8.86205e-08
6.27588e-08
6.46581e-08
6.48403e-08
7.79262e-08
6.2251e-08
6.14138e-08
6.1844e-08
9.23493e-08
7.9965e-08
5.85415e-08
5.98207e-08
5.87353e-08
6.67629e-08
5.81849e-08
6.291e-08
6.67086e-08
8.24264e-08
7.27515e-08
8.1e-08
5.62662e-08
5.49949e-08
6.66427e-08
5.73787e-08
7.89611e-08
8.10155e-08
6.93521e-08
6.53132e-08
8.19341e-08
6.34681e-08
5.76035e-08
8.84112e-08
8.92135e-08
6.03013e-08
6.92901e-08
5.98788e-08
7.32903e-08
7.65424e-08
7.82324e-08
5.8495e-08
7.57284e-08
6.98522e-08
3.9467e-08
6.44721e-08
6.36038e-08
7.60036e-08
9.06167e-08
8.52676e-08
8.35001e-08
5.84911e-08
6.05843e-08
4.64169e-08
6.81234e-08
4.7541e-08
8.98802e-08
7.04685e-08
5.87664e-08
5.18629e-08
5.09714e-08
3.63738e-08
5.01846e-08
5.47662e-08
7.31391e-08
8.83065e-08
6.6321e-08
6.3627e-08
7.62362e-08
4.79984e-08
5.01032e-08
3.48001e-08
7.05731e-08
6.90653e-08
6.8887e-08
6.03323e-08
5.36692e-08
5.00101e-08
6.28828e-08
6.59605e-08
7.11623e-08
8.29535e-08
6.11618e-08
