6.08556e-08
4.59014e-08
6.11967e-08
5.25568e-08
5.94098e-08
4.46339e-08
3.83235e-08
4.12306e-08
5.52235e-08
6.53364e-08
4.49556e-08
4.00988e-08
5.2894e-08
8.43102e-08
4.52502e-08
4.0281e-08
5.56499e-08
5.13048e-08
7.16119e-08
4.30679e-08
4.56029e-08
5.59988e-08
4.89442e-08
6.34953e-08
3.55908e-08
6.03478e-08
6.48868e-08
5.20529e-08
5.10296e-08
5.99331e-08
5.18242e-08
4.5351e-08
5.45569e-08
3.54048e-08
5.66849e-08
6.47705e-08
3.57691e-08
5.01187e-08
6.78482e-08
4.28431e-08
5.70105e-08
4.83511e-08
4.22772e-08
4.94016e-08
4.81069e-08
5.5991e-08
4.65371e-08
4.81651e-08
4.80837e-08
4.50564e-08
4.36261e-08
4.37463e-08
6.32201e-08
3.61645e-08
6.01656e-08
5.75454e-08
4.30408e-08
4.54324e-08
7.09646e-08
3.737e-08
4.89558e-08
4.83589e-08
3.28116e-08
4.88163e-08
4.08934e-08
5.60027e-08
4.54556e-08
5.31072e-08
5.25219e-08
4.57192e-08
4.82232e-08
5.53553e-08
5.35452e-08
4.73937e-08
6.44294e-08
5.8995e-08
5.12234e-08
4.46533e-08
4.73666e-08
4.3754e-08
4.6948e-08
5.94912e-08
5.79214e-08
4.13818e-08
4.90295e-08
8.60312e-08
6.09137e-08
4.81612e-08
3.46877e-08
5.19133e-08
4.48471e-08
4.75061e-08
4.3161e-08
4.78085e-08
5.08086e-08
6.10184e-08
5.86966e-08
4.19826e-08
5.07543e-08
4.45254e-08
6.49604e-08
5.16459e-08
6.57473e-08
4.29865e-08
4.98086e-08
4.19749e-08
5.40917e-08
5.36111e-08
4.78395e-08
4.69906e-08
5.81152e-08
4.62735e-08
4.38354e-08
6.0092e-08
3.77111e-08
4.68821e-08
3.67072e-08
5.04404e-08
5.2394e-08
4.96419e-08
4.53859e-08
5.11381e-08
5.42971e-08
6.98483e-08
5.47235e-08
5.83167e-08
6.54411e-08
5.21459e-08
7.66897e-08
4.1188e-08
5.08706e-08
5.70337e-08
5.65337e-08
5.52584e-08
5.69174e-08
6.48364e-08
4.66069e-08
4.07616e-08
4.05097e-08
5.84214e-08
4.23315e-08
4.26183e-08
3.22651e-08
5.40413e-08
5.54949e-08
5.48359e-08
4.49401e-08
4.54053e-08
4.09593e-08
4.23353e-08
4.90643e-08
6.26735e-08
6.26503e-08
7.21042e-08
5.57003e-08
4.28392e-08
4.90411e-08
5.4739e-08
4.94985e-08
3.68622e-08
4.95411e-08
4.36494e-08
6.95343e-08
5.6619e-08
5.74136e-08
4.62464e-08
5.29715e-08
3.97693e-08
5.16652e-08
7.05809e-08
4.52231e-08
5.6022e-08
5.09714e-08
5.62701e-08
5.72469e-08
4.9731e-08
6.35301e-08
4.83162e-08
5.72043e-08
5.38514e-08
4.54944e-08
6.07238e-08
4.60913e-08
5.1421e-08
5.47119e-08
5.77818e-08
5.16459e-08
4.9107e-08
3.96259e-08
3.07185e-08
5.08474e-08
4.78937e-08
3.84049e-08
4.60681e-08
4.60448e-08
5.09753e-08
3.62382e-08
4.36455e-08
3.94244e-08
6.41309e-08
4.57386e-08
5.4739e-08
5.28165e-08
4.14322e-08
4.69208e-08
5.33514e-08
6.22471e-08
5.97083e-08
5.69562e-08
8.68995e-08
4.73976e-08
5.3363e-08
5.59135e-08
5.36111e-08
4.21299e-08
4.49595e-08
4.99248e-08
4.41029e-08
4.58936e-08
4.57037e-08
4.02035e-08
4.41998e-08
7.79029e-08
4.22346e-08
5.29754e-08
5.18087e-08
4.51494e-08
3.89863e-08
4.60216e-08
5.0421e-08
5.32118e-08
4.64673e-08
5.95338e-08
5.57119e-08
5.06923e-08
5.97315e-08
5.73864e-08
5.83012e-08
6.80691e-08
5.34018e-08
3.55249e-08
6.10804e-08
4.92155e-08
3.85677e-08
6.55651e-08
3.16604e-08
5.34948e-08
4.22733e-08
6.61427e-08
4.52308e-08
4.59595e-08
4.03701e-08
5.33281e-08
4.66456e-08
5.97393e-08
3.89049e-08
5.80105e-08
3.61645e-08
4.06647e-08
5.23397e-08
6.75652e-08
4.19322e-08
4.43781e-08
3.88739e-08
4.59092e-08
3.72304e-08
3.69824e-08
5.23474e-08
4.19594e-08
5.46615e-08
3.99244e-08
5.58592e-08
5.23164e-08
8.9512e-08
4.48277e-08
3.87189e-08
4.46261e-08
4.91302e-08
5.85454e-08
4.06376e-08
3.97189e-08
5.21924e-08
4.91612e-08
6.00532e-08
4.77387e-08
3.99476e-08
4.45874e-08
4.30175e-08
5.00915e-08
5.90106e-08
5.11458e-08
3.79553e-08
6.82901e-08
5.33669e-08
4.01647e-08
4.12268e-08
6.44527e-08
3.55133e-08
6.32278e-08
5.81152e-08
4.77154e-08
7.36547e-08
5.33242e-08
6.2689e-08
3.27574e-08
5.8526e-08
5.72004e-08
4.00794e-08
5.86539e-08
4.78511e-08
6.39061e-08
5.96462e-08
4.80139e-08
5.30452e-08
4.12074e-08
5.23048e-08
5.41421e-08
4.11182e-08
5.7902e-08
4.54634e-08
4.49866e-08
4.63239e-08
4.54983e-08
5.20722e-08
5.05063e-08
4.38897e-08
4.70294e-08
4.74984e-08
6.42434e-08
4.28935e-08
5.04946e-08
5.97664e-08
4.81147e-08
3.90251e-08
5.40413e-08
4.52425e-08
4.87077e-08
5.62042e-08
5.29638e-08
5.83516e-08
5.52933e-08
3.9122e-08
5.17195e-08
4.63898e-08
5.27583e-08
4.53161e-08
4.60409e-08
3.65793e-08
5.56616e-08
4.83976e-08
3.52265e-08
4.69828e-08
5.62391e-08
5.11807e-08
4.50525e-08
4.86845e-08
5.30296e-08
5.20606e-08
3.36683e-08
6.29604e-08
3.66684e-08
4.37501e-08
5.19676e-08
6.50457e-08
6.9887e-08
6.9449e-08
4.45874e-08
4.4913e-08
4.68666e-08
5.78128e-08
6.06192e-08
7.7337e-08
5.66073e-08
4.88512e-08
6.73365e-08
5.36847e-08
3.91646e-08
4.79558e-08
4.54518e-08
4.98551e-08
5.79407e-08
5.20063e-08
5.00605e-08
6.45845e-08
4.61572e-08
4.98279e-08
4.12694e-08
5.94098e-08
5.41382e-08
5.48359e-08
4.5351e-08
5.03667e-08
5.51848e-08
6.23208e-08
4.37501e-08
5.61965e-08
4.30524e-08
5.67546e-08
5.34328e-08
5.49677e-08
4.30253e-08
5.427e-08
5.24056e-08
5.24172e-08
5.28979e-08
5.33126e-08
4.4975e-08
4.16299e-08
4.81069e-08
3.73661e-08
5.52623e-08
4.40292e-08
6.07277e-08
4.9731e-08
7.20422e-08
5.63089e-08
5.98982e-08
5.52933e-08
4.47812e-08
4.79131e-08
4.82775e-08
4.72154e-08
2.8889e-08
4.88163e-08
3.61025e-08
4.77348e-08
6.35418e-08
4.25718e-08
4.98551e-08
4.75371e-08
6.17239e-08
5.09985e-08
4.19477e-08
6.19758e-08
4.27772e-08
6.87785e-08
5.29134e-08
4.59285e-08
4.35447e-08
3.9122e-08
5.21691e-08
5.21885e-08
4.58781e-08
4.43471e-08
4.42269e-08
5.93672e-08
5.98827e-08
4.02771e-08
6.42705e-08
5.23629e-08
6.83094e-08
7.47167e-08
4.47424e-08
4.24245e-08
4.84984e-08
4.38897e-08
4.91768e-08
5.92741e-08
4.28703e-08
5.72275e-08
4.83744e-08
3.90445e-08
5.72624e-08
5.6022e-08
5.79446e-08
4.95411e-08
4.45525e-08
6.24371e-08
4.30137e-08
5.42855e-08
5.78283e-08
7.97518e-08
5.01497e-08
5.9747e-08
5.06613e-08
4.59634e-08
3.82499e-08
4.91302e-08
5.78942e-08
4.58239e-08
5.55724e-08
4.02267e-08
4.81031e-08
4.27152e-08
6.37937e-08
5.32816e-08
5.28785e-08
4.41455e-08
5.98284e-08
5.00024e-08
3.83274e-08
4.39788e-08
4.13896e-08
4.92543e-08
4.85062e-08
5.71035e-08
4.70255e-08
5.74019e-08
5.8526e-08
5.42855e-08
4.86612e-08
4.88046e-08
5.36188e-08
5.23552e-08
5.71577e-08
3.85949e-08
5.70686e-08
5.26575e-08
6.60264e-08
4.44285e-08
2.95092e-08
5.15102e-08
5.6681e-08
4.89713e-08
5.67546e-08
7.93952e-08
4.99752e-08
6.27665e-08
6.08207e-08
4.90915e-08
4.66417e-08
5.30296e-08
5.19831e-08
5.82314e-08
5.48786e-08
6.31929e-08
4.75526e-08
3.51645e-08
3.64165e-08
5.94989e-08
5.84485e-08
6.70187e-08
5.884e-08
4.83201e-08
6.79993e-08
4.42812e-08
4.17229e-08
6.7918e-08
4.83356e-08
4.57464e-08
4.9452e-08
6.62861e-08
3.32768e-08
4.88744e-08
5.12117e-08
4.75294e-08
5.54677e-08
4.7572e-08
5.19986e-08
4.29129e-08
5.2266e-08
5.14327e-08
4.5475e-08
5.34948e-08
3.97267e-08
5.40646e-08
5.47041e-08
4.80217e-08
4.87465e-08
4.20369e-08
5.1142e-08
4.96496e-08
4.04632e-08
5.39328e-08
5.43359e-08
4.85333e-08
5.53553e-08
5.7243e-08
5.17583e-08
5.7274e-08
5.43592e-08
4.96225e-08
3.75212e-08
6.03943e-08
4.85178e-08
5.1235e-08
4.12772e-08
4.72619e-08
3.56994e-08
5.11303e-08
5.88981e-08
4.80914e-08
4.62076e-08
5.48049e-08
5.09869e-08
4.05213e-08
4.74092e-08
3.26992e-08
6.3158e-08
4.02422e-08
4.47967e-08
4.49828e-08
5.20529e-08
4.72852e-08
6.46891e-08
5.76733e-08
5.7743e-08
4.55991e-08
6.67551e-08
6.3724e-08
5.03551e-08
6.31697e-08
4.53587e-08
4.61534e-08
5.48824e-08
5.6898e-08
6.03207e-08
3.09395e-08
4.12461e-08
5.48553e-08
3.87964e-08
2.97301e-08
4.37773e-08
5.87082e-08
7.58989e-08
5.04287e-08
4.4413e-08
6.28131e-08
4.41184e-08
4.98745e-08
4.89481e-08
3.64746e-08
4.8669e-08
6.3817e-08
5.66228e-08
5.06342e-08
4.80759e-08
4.80333e-08
5.45065e-08
5.86656e-08
5.24056e-08
4.31183e-08
4.35873e-08
4.75992e-08
4.2378e-08
3.38815e-08
7.03289e-08
4.26842e-08
5.7964e-08
5.77663e-08
4.77658e-08
3.51296e-08
5.22699e-08
5.30374e-08
6.05765e-08
5.16885e-08
5.04753e-08
4.71495e-08
4.97621e-08
4.72348e-08
4.36959e-08
4.81612e-08
5.94408e-08
7.02553e-08
4.64673e-08
5.50142e-08
5.09985e-08
4.144e-08
4.65138e-08
5.73167e-08
6.68016e-08
4.23237e-08
4.10019e-08
7.16933e-08
4.37773e-08
5.64755e-08
6.52705e-08
4.98008e-08
5.1642e-08
4.86922e-08
4.15562e-08
4.45137e-08
6.58558e-08
3.64475e-08
4.72426e-08
5.87702e-08
5.51111e-08
5.03939e-08
7.45229e-08
4.79248e-08
6.72861e-08
7.7589e-08
4.75565e-08
5.01342e-08
6.87746e-08
5.94214e-08
4.81612e-08
5.11071e-08
5.79562e-08
5.39638e-08
5.10528e-08
4.4223e-08
3.57846e-08
5.43863e-08
5.41305e-08
4.77426e-08
5.56422e-08
4.84945e-08
5.46305e-08
5.73399e-08
6.18363e-08
4.94209e-08
5.70802e-08
4.12074e-08
6.64915e-08
4.16531e-08
6.03284e-08
5.20955e-08
5.80958e-08
5.04559e-08
4.96031e-08
4.69712e-08
5.98478e-08
5.83904e-08
6.93172e-08
4.47463e-08
5.69484e-08
5.48476e-08
4.25447e-08
4.58433e-08
5.49677e-08
6.15184e-08
6.19526e-08
3.73467e-08
4.49672e-08
4.76495e-08
5.91695e-08
3.81762e-08
5.39871e-08
5.57507e-08
3.83894e-08
5.02621e-08
5.66539e-08
5.00644e-08
4.38742e-08
5.40142e-08
5.39328e-08
4.49014e-08
4.45758e-08
4.34207e-08
4.82504e-08
7.18639e-08
4.29051e-08
4.85178e-08
4.09205e-08
7.03212e-08
4.65138e-08
6.11541e-08
5.39367e-08
5.27118e-08
6.51581e-08
7.09026e-08
5.01419e-08
5.28165e-08
6.26968e-08
4.55991e-08
4.50952e-08
6.52822e-08
4.60099e-08
4.62348e-08
4.41106e-08
4.71767e-08
4.65177e-08
4.66611e-08
5.02466e-08
6.26696e-08
5.42506e-08
5.92005e-08
5.14094e-08
5.05838e-08
4.49517e-08
4.46572e-08
5.44561e-08
6.2034e-08
2.6509e-08
4.13082e-08
4.7886e-08
3.76026e-08
6.53674e-08
5.59058e-08
5.25529e-08
4.87349e-08
3.34938e-08
5.78903e-08
4.2502e-08
4.21997e-08
3.98042e-08
6.67629e-08
4.69441e-08
5.27196e-08
6.51232e-08
4.48045e-08
4.43354e-08
3.95368e-08
4.75643e-08
4.19361e-08
4.22268e-08
4.64247e-08
5.07505e-08
2.80478e-08
5.1297e-08
5.45956e-08
6.56388e-08
4.20252e-08
6.65032e-08
4.05949e-08
5.5115e-08
4.78472e-08
5.1297e-08
6.41581e-08
4.50138e-08
6.18324e-08
6.2751e-08
4.59789e-08
4.06919e-08
5.54755e-08
4.55525e-08
5.22118e-08
4.40641e-08
5.29444e-08
3.64242e-08
4.94597e-08
7.30228e-08
4.07112e-08
5.26537e-08
5.11652e-08
6.11734e-08
4.04438e-08
6.07432e-08
5.92431e-08
3.36024e-08
5.49018e-08
3.18e-08
4.89674e-08
4.73046e-08
4.47463e-08
4.57502e-08
4.61107e-08
4.7041e-08
4.11531e-08
3.66335e-08
4.13314e-08
4.24439e-08
3.93778e-08
4.21958e-08
5.58205e-08
5.33049e-08
5.49949e-08
5.57274e-08
4.47037e-08
4.24904e-08
3.34938e-08
8.22132e-08
6.8387e-08
3.07108e-08
6.09486e-08
4.40719e-08
3.86181e-08
4.66146e-08
4.0281e-08
4.9076e-08
5.08396e-08
5.84524e-08
5.06497e-08
6.98832e-08
6.80769e-08
4.81186e-08
4.94171e-08
4.42695e-08
4.98434e-08
5.36963e-08
5.04598e-08
5.33707e-08
3.70909e-08
4.32928e-08
6.59411e-08
5.02737e-08
4.38897e-08
4.45331e-08
5.1421e-08
4.26299e-08
5.24211e-08
3.56722e-08
3.65948e-08
5.46925e-08
6.06153e-08
5.70221e-08
5.09404e-08
5.30839e-08
4.20834e-08
4.38703e-08
8.08759e-08
5.49561e-08
6.15029e-08
4.64092e-08
4.92737e-08
4.64673e-08
4.45137e-08
4.6289e-08
4.76728e-08
5.29754e-08
5.11071e-08
4.43742e-08
5.12815e-08
4.50797e-08
5.09133e-08
5.38088e-08
4.93124e-08
6.77164e-08
5.47352e-08
4.13624e-08
3.84631e-08
5.49096e-08
5.21032e-08
6.71195e-08
4.71689e-08
5.28203e-08
3.22612e-08
5.35529e-08
6.60303e-08
6.21619e-08
5.22312e-08
4.56262e-08
5.62042e-08
7.14879e-08
5.42855e-08
4.65759e-08
3.95057e-08
3.88003e-08
5.68166e-08
3.58273e-08
4.10136e-08
4.15136e-08
4.44866e-08
5.85222e-08
4.68743e-08
5.21188e-08
5.26227e-08
4.52541e-08
5.31227e-08
7.25073e-08
4.01182e-08
3.18581e-08
4.93551e-08
4.51688e-08
5.24909e-08
4.20601e-08
6.88405e-08
4.09942e-08
4.81263e-08
4.68007e-08
3.59009e-08
3.66645e-08
4.49246e-08
5.76927e-08
5.1204e-08
5.48824e-08
5.65414e-08
4.79092e-08
4.75371e-08
6.7228e-08
5.73012e-08
3.90484e-08
3.67653e-08
5.32351e-08
5.38979e-08
4.26764e-08
5.51228e-08
3.7432e-08
4.19051e-08
6.30185e-08
4.97582e-08
3.64591e-08
5.68244e-08
3.9184e-08
4.87077e-08
4.47386e-08
3.4114e-08
3.93623e-08
3.9529e-08
5.94447e-08
3.1455e-08
5.01342e-08
4.44827e-08
4.76999e-08
4.79635e-08
3.9122e-08
4.77077e-08
6.06967e-08
4.52696e-08
4.43471e-08
5.30335e-08
5.65453e-08
4.59208e-08
4.03042e-08
6.52201e-08
5.14753e-08
5.83826e-08
4.99016e-08
7.40423e-08
