9.7338e-08
7.63253e-08
7.52749e-08
1.48131e-07
1.21622e-07
6.23208e-08
6.70381e-08
7.3488e-08
9.52099e-08
9.7086e-08
8.78065e-08
1.32948e-07
1.04214e-07
7.9558e-08
6.80265e-08
9.25431e-08
1.02482e-07
8.33179e-08
6.24216e-08
1.72128e-07
1.06385e-07
1.01951e-07
5.25025e-08
9.85279e-08
7.91045e-08
9.04384e-08
1.3025e-07
7.13173e-08
8.71127e-08
9.32292e-08
6.07199e-08
1.05354e-07
9.07485e-08
8.80158e-08
1.10982e-07
7.87712e-08
9.74465e-08
7.60773e-08
5.95261e-08
9.15082e-08
1.18579e-07
7.04568e-08
9.07214e-08
9.06826e-08
1.45604e-07
8.20271e-08
9.05508e-08
6.70846e-08
6.74179e-08
6.5038e-08
1.64473e-07
1.76586e-07
1.07819e-07
8.32365e-08
7.06894e-08
8.19302e-08
9.96055e-08
5.84485e-08
8.47908e-08
7.06468e-08
1.3344e-07
6.0216e-08
1.12792e-07
1.10028e-07
6.96235e-08
5.55181e-08
7.20848e-08
7.13639e-08
9.40781e-08
9.79814e-08
9.05779e-08
6.88599e-08
7.63176e-08
1.02067e-07
1.10893e-07
6.90885e-08
1.73097e-07
6.55806e-08
6.24254e-08
1.43708e-07
5.86733e-08
7.50656e-08
9.73302e-08
7.37826e-08
8.63374e-08
1.03691e-07
1.09544e-07
8.1562e-08
1.21293e-07
8.28838e-08
9.61518e-08
1.15986e-07
7.85851e-08
4.53161e-08
7.7399e-08
8.74189e-08
5.89795e-08
7.17592e-08
7.57362e-08
7.03754e-08
9.89892e-08
8.23334e-08
7.07592e-08
8.22171e-08
7.0701e-08
8.29109e-08
1.06148e-07
6.09176e-08
1.00106e-07
6.89064e-08
1.09331e-07
8.8415e-08
8.42714e-08
5.99408e-08
1.05986e-07
9.06206e-08
9.89737e-08
1.39251e-07
7.37516e-08
5.89524e-08
1.25052e-07
1.01671e-07
9.02562e-08
9.28377e-08
7.65967e-08
7.79959e-08
7.9589e-08
1.11463e-07
6.42937e-08
6.64876e-08
8.59925e-08
1.19401e-07
7.45888e-08
9.02601e-08
5.59406e-08
1.08606e-07
9.13842e-08
1.02513e-07
1.06869e-07
1.04807e-07
6.8449e-08
7.69804e-08
8.3283e-08
1.02327e-07
7.38097e-08
8.08721e-08
8.34458e-08
9.0043e-08
1.37045e-07
1.01896e-07
6.62396e-08
7.80618e-08
8.61785e-08
1.00338e-07
1.31681e-07
1.1004e-07
9.78961e-08
8.97833e-08
9.38572e-08
7.4302e-08
8.75933e-08
1.00121e-07
9.58456e-08
5.94989e-08
8.93414e-08
1.08125e-07
9.94156e-08
1.04075e-07
7.73176e-08
8.47986e-08
1.10505e-07
7.53098e-08
1.33154e-07
1.13711e-07
1.01055e-07
1.11335e-07
1.49999e-07
6.24991e-08
7.78719e-08
1.14067e-07
6.97824e-08
1.32754e-07
3.7808e-08
1.207e-07
1.35406e-07
1.50961e-07
8.46048e-08
8.68491e-08
6.21657e-08
1.3908e-07
1.13343e-07
1.07447e-07
6.89529e-08
6.99684e-08
8.75274e-08
6.88715e-08
7.39221e-08
6.8104e-08
1.19192e-07
7.67478e-08
9.19889e-08
1.68609e-07
1.00881e-07
8.62987e-08
9.64464e-08
6.22355e-08
8.19535e-08
1.86889e-07
8.31939e-08
9.81364e-08
6.67241e-08
9.52487e-08
7.5333e-08
1.00513e-07
9.35199e-08
7.00382e-08
7.22941e-08
8.59382e-08
5.23358e-08
7.19802e-08
8.42055e-08
1.04982e-07
1.18405e-07
7.67633e-08
1.46918e-07
7.26081e-08
6.61e-08
1.10373e-07
8.32675e-08
1.15192e-07
6.02819e-08
6.27859e-08
6.80071e-08
1.03842e-07
1.30107e-07
8.19225e-08
8.87717e-08
5.85532e-08
8.10038e-08
5.12466e-08
7.6647e-08
1.02292e-07
1.23192e-07
7.52361e-08
8.36241e-08
8.14651e-08
8.08992e-08
1.20641e-07
7.56741e-08
6.40844e-08
8.02868e-08
1.03071e-07
6.78288e-08
7.11119e-08
1.0878e-07
8.1593e-08
5.43049e-08
1.06664e-07
6.17122e-08
7.87944e-08
9.98458e-08
1.13207e-07
1.28188e-07
1.2287e-07
9.77101e-08
1.03796e-07
1.14319e-07
1.07269e-07
6.44837e-08
8.99074e-08
7.8275e-08
1.04265e-07
9.29269e-08
9.26323e-08
6.17781e-08
8.59072e-08
9.24036e-08
9.15276e-08
9.85279e-08
9.66906e-08
7.17786e-08
6.42046e-08
1.36832e-07
7.68486e-08
7.20112e-08
9.0233e-08
7.53795e-08
1.01668e-07
1.15893e-07
8.05813e-08
7.35267e-08
8.25194e-08
1.30405e-07
1.51275e-07
6.73947e-08
1.08641e-07
1.18843e-07
1.23211e-07
7.23213e-08
1.28014e-07
8.00348e-08
8.38063e-08
5.24909e-08
8.48916e-08
1.24816e-07
9.06516e-08
8.90275e-08
8.03023e-08
1.08745e-07
7.54764e-08
1.06602e-07
8.11085e-08
6.00571e-08
6.76505e-08
1.1942e-07
3.87964e-08
5.99835e-08
6.15611e-08
1.32316e-07
6.81389e-08
5.85609e-08
1.19459e-07
6.77513e-08
1.12091e-07
7.85812e-08
1.14234e-07
1.10404e-07
8.10775e-08
8.44652e-08
8.44032e-08
7.6337e-08
8.87833e-08
6.82397e-08
9.12291e-08
9.34967e-08
9.42719e-08
8.1969e-08
7.18716e-08
6.29448e-08
5.31808e-08
8.17287e-08
1.09424e-07
7.424e-08
8.45428e-08
1.43193e-07
9.45432e-08
8.79732e-08
8.87406e-08
8.8136e-08
9.00547e-08
8.76825e-08
1.18048e-07
8.53529e-08
5.56344e-08
6.44333e-08
1.16393e-07
7.76975e-08
1.0121e-07
4.34672e-08
6.95576e-08
8.50467e-08
9.44929e-08
7.67207e-08
1.7278e-07
8.90003e-08
8.13411e-08
9.1764e-08
9.87062e-08
8.78375e-08
9.66596e-08
9.69968e-08
6.11463e-08
9.66441e-08
6.67241e-08
7.30577e-08
1.08796e-07
6.31309e-08
7.78797e-08
5.78787e-08
8.21706e-08
8.61204e-08
1.02858e-07
1.01016e-07
7.80618e-08
6.59799e-08
5.95028e-08
9.73535e-08
5.9561e-08
8.1279e-08
9.97334e-08
1.01625e-07
9.26594e-08
5.27544e-08
8.84034e-08
5.71151e-08
8.75429e-08
8.70429e-08
1.51732e-07
1.07125e-07
7.11894e-08
1.04055e-07
1.01284e-07
7.38368e-08
1.17905e-07
6.62241e-08
1.03195e-07
6.24061e-08
9.2423e-08
1.10955e-07
8.00077e-08
9.84078e-08
1.24556e-07
6.10029e-08
6.63675e-08
7.62749e-08
6.94064e-08
9.40238e-08
9.48029e-08
1.16757e-07
1.22242e-07
8.75855e-08
1.30843e-07
8.33799e-08
6.33208e-08
1.22064e-07
1.11455e-07
1.08862e-07
7.56935e-08
7.56896e-08
1.0297e-07
6.07199e-08
8.05038e-08
8.77135e-08
6.37278e-08
8.4566e-08
7.14491e-08
6.85575e-08
1.15102e-07
6.10106e-08
8.01627e-08
1.20475e-07
7.56354e-08
1.60217e-07
8.29187e-08
1.15443e-07
9.62836e-08
8.0372e-08
6.29759e-08
8.06627e-08
8.38877e-08
9.11051e-08
7.89417e-08
7.55268e-08
8.31861e-08
6.4631e-08
7.44919e-08
1.26897e-07
9.91016e-08
9.26323e-08
1.06854e-07
6.45806e-08
6.26115e-08
9.27408e-08
7.38795e-08
1.22223e-07
8.57134e-08
1.11191e-07
6.06347e-08
1.18564e-07
8.93453e-08
7.25848e-08
1.10819e-07
8.91321e-08
7.50811e-08
5.7712e-08
9.15935e-08
8.08992e-08
1.32685e-07
6.77086e-08
1.18157e-07
8.40311e-08
7.10344e-08
1.55337e-07
6.76311e-08
8.65312e-08
9.94505e-08
7.28174e-08
1.11207e-07
9.35161e-08
6.33247e-08
7.25926e-08
1.0009e-07
5.7743e-08
1.38262e-07
1.03152e-07
6.29448e-08
5.49522e-08
8.5194e-08
5.68903e-08
8.98802e-08
7.69455e-08
6.46814e-08
5.87276e-08
8.4597e-08
1.10459e-07
9.36401e-08
9.55084e-08
6.70729e-08
8.18527e-08
5.68942e-08
1.04927e-07
8.76398e-08
7.85851e-08
1.07672e-07
8.84693e-08
1.03749e-07
9.6648e-08
8.22171e-08
9.12408e-08
8.59963e-08
5.58244e-08
1.05885e-07
6.98405e-08
6.1937e-08
9.5741e-08
8.98919e-08
1.03249e-07
1.09579e-07
9.84427e-08
6.77745e-08
9.65395e-08
1.11009e-07
8.11899e-08
8.50854e-08
1.19475e-07
1.41809e-07
9.43688e-08
5.33049e-08
4.40641e-08
7.53834e-08
1.11063e-07
6.30262e-08
1.46445e-07
8.50893e-08
7.80425e-08
1.14184e-07
9.06051e-08
7.98294e-08
5.30335e-08
1.03993e-07
9.03492e-08
7.01002e-08
7.44725e-08
1.18351e-07
8.07248e-08
1.3689e-07
8.75003e-08
7.27166e-08
1.33739e-07
1.42639e-07
8.1686e-08
7.72013e-08
1.10122e-07
5.6022e-08
9.70938e-08
1.10645e-07
9.09035e-08
1.10943e-07
9.36827e-08
9.18648e-08
9.88807e-08
9.53882e-08
1.01505e-07
8.56165e-08
8.48451e-08
8.72755e-08
1.14191e-07
1.30045e-07
9.72721e-08
8.12558e-08
1.00648e-07
7.17902e-08
1.00171e-07
1.27161e-07
5.89369e-08
8.99423e-08
7.90037e-08
8.52986e-08
8.28993e-08
1.31878e-07
9.92993e-08
7.53679e-08
1.08327e-07
6.85963e-08
1.32824e-07
8.72483e-08
6.90847e-08
6.58713e-08
1.03745e-07
1.01489e-07
1.11156e-07
8.40776e-08
6.06502e-08
4.72658e-08
1.10335e-07
1.19928e-07
8.06821e-08
1.11691e-07
9.78961e-08
1.41778e-07
9.04113e-08
8.54924e-08
5.89602e-08
7.21972e-08
8.23179e-08
8.56048e-08
1.08486e-07
8.24186e-08
1.33266e-07
1.16149e-07
8.44575e-08
9.2799e-08
7.96627e-08
8.4911e-08
1.31305e-07
9.43301e-08
1.69512e-07
1.31479e-07
9.8431e-08
8.49149e-08
8.15698e-08
9.05353e-08
7.8558e-08
8.63646e-08
6.02315e-08
6.24332e-08
9.39153e-08
8.31822e-08
1.20331e-07
1.12598e-07
9.8493e-08
1.00594e-07
1.19347e-07
7.5364e-08
6.92979e-08
1.11649e-07
9.03725e-08
5.69484e-08
7.22825e-08
7.87634e-08
7.40384e-08
1.41708e-07
6.38635e-08
6.07316e-08
6.82048e-08
9.63185e-08
9.62604e-08
1.14878e-07
8.00154e-08
9.53534e-08
1.26518e-07
8.75739e-08
1.2418e-07
7.49958e-08
1.0671e-07
1.04424e-07
1.16486e-07
6.48907e-08
1.0954e-07
9.9028e-08
6.4755e-08
1.18657e-07
6.40302e-08
1.22517e-07
9.74581e-08
6.28479e-08
7.75541e-08
6.77978e-08
1.39654e-07
7.98061e-08
9.52875e-08
6.79024e-08
8.6601e-08
8.10697e-08
1.10622e-07
9.74232e-08
1.19781e-07
7.59106e-08
6.5286e-08
8.67599e-08
9.97761e-08
8.85662e-08
7.79378e-08
8.30582e-08
8.93221e-08
5.71461e-08
7.26817e-08
8.09728e-08
8.7291e-08
9.39696e-08
1.05249e-07
9.14152e-08
1.37177e-07
8.25659e-08
8.97407e-08
7.12825e-08
1.06811e-07
7.29918e-08
9.62681e-08
6.60148e-08
1.07726e-07
6.9356e-08
1.23533e-07
1.13982e-07
9.26245e-08
7.61083e-08
8.97795e-08
4.68821e-08
7.55075e-08
1.3822e-07
8.9167e-08
1.24157e-07
9.02252e-08
6.76234e-08
8.46552e-08
1.25758e-07
6.7166e-08
7.80115e-08
1.04067e-07
7.44493e-08
6.92242e-08
8.07907e-08
8.86089e-08
9.95125e-08
1.25552e-07
1.09106e-07
1.08048e-07
6.8794e-08
7.16739e-08
4.72232e-08
8.02751e-08
9.34812e-08
8.41474e-08
5.08319e-08
1.19971e-07
8.94112e-08
1.42123e-07
5.54212e-08
6.78288e-08
8.97368e-08
5.61538e-08
9.16516e-08
1.03001e-07
1.16521e-07
9.69503e-08
1.15839e-07
7.45849e-08
8.28256e-08
5.00566e-08
1.23142e-07
9.48921e-08
6.97708e-08
1.10114e-07
8.1124e-08
1.05807e-07
7.6368e-08
8.4004e-08
8.54886e-08
9.6396e-08
8.83569e-08
1.00931e-07
1.00164e-07
6.18401e-08
8.94384e-08
1.00354e-07
9.76519e-08
9.1985e-08
1.16025e-07
7.91278e-08
9.75666e-08
6.74489e-08
9.21362e-08
8.63374e-08
7.9903e-08
8.94849e-08
9.48688e-08
1.05614e-07
7.50113e-08
8.59227e-08
1.16153e-07
9.27215e-08
9.28726e-08
7.87479e-08
7.04917e-08
5.44522e-08
9.57138e-08
7.41508e-08
9.45626e-08
9.83768e-08
9.64542e-08
6.25766e-08
1.12784e-07
9.78922e-08
1.17141e-07
6.88715e-08
7.86123e-08
9.91559e-08
1.20238e-07
1.00292e-07
1.03354e-07
1.12843e-07
1.00354e-07
1.27692e-07
9.90396e-08
8.96089e-08
1.11932e-07
9.52254e-08
1.43208e-07
1.05885e-07
6.55961e-08
1.19188e-07
6.65613e-08
6.35379e-08
1.03451e-07
1.50755e-07
1.03621e-07
1.15215e-07
7.02708e-08
1.22312e-07
1.45883e-07
1.23254e-07
7.12321e-08
7.08134e-08
8.16357e-08
4.82155e-08
1.46464e-07
9.89272e-08
7.02359e-08
1.03641e-07
8.88724e-08
6.92824e-08
6.4693e-08
9.03105e-08
1.05656e-07
1.26029e-07
7.54726e-08
1.06048e-07
9.56169e-08
7.73719e-08
8.33722e-08
1.12513e-07
7.72479e-08
1.28014e-07
1.13459e-07
8.86631e-08
4.18276e-08
1.38185e-07
8.62715e-08
1.13583e-07
7.30849e-08
8.41435e-08
7.59106e-08
7.18057e-08
5.60143e-08
1.29363e-07
5.68825e-08
8.7977e-08
1.15602e-07
8.2531e-08
9.7807e-08
6.48674e-08
1.1316e-07
8.69925e-08
1.17463e-07
9.35432e-08
1.312e-07
8.55971e-08
1.17269e-07
1.26739e-07
1.33549e-07
1.05834e-07
8.19806e-08
9.34851e-08
6.62202e-08
1.60926e-07
7.63137e-08
1.09098e-07
1.14343e-07
1.10594e-07
8.16744e-08
9.13919e-08
9.6803e-08
1.40437e-07
1.14866e-07
9.13338e-08
9.80783e-08
6.68908e-08
1.30716e-07
6.60341e-08
5.42157e-08
1.38022e-07
5.37274e-08
7.66897e-08
7.41004e-08
7.31546e-08
1.10831e-07
9.9559e-08
5.35219e-08
6.82087e-08
1.23886e-07
7.89456e-08
7.28484e-08
7.70037e-08
8.7977e-08
8.69964e-08
8.22713e-08
9.40045e-08
4.89132e-08
9.49076e-08
1.31037e-07
9.62022e-08
1.14207e-07
1.36755e-07
1.55232e-07
8.13643e-08
8.76321e-08
1.04408e-07
1.38359e-07
8.8384e-08
5.79679e-08
8.54614e-08
6.38325e-08
5.61887e-08
1.18831e-07
9.7462e-08
1.00935e-07
1.09641e-07
1.19777e-07
1.44902e-07
7.15499e-08
1.11315e-07
9.77062e-08
7.68215e-08
8.78956e-08
5.28707e-08
7.70269e-08
6.02432e-08
9.4613e-08
9.17912e-08
9.58185e-08
8.85313e-08
7.57943e-08
1.33305e-07
9.08493e-08
1.22246e-07
7.95076e-08
1.04978e-07
8.97213e-08
6.39294e-08
7.16623e-08
7.12166e-08
1.18118e-07
7.93604e-08
1.36836e-07
9.75124e-08
9.10973e-08
8.14535e-08
5.77043e-08
1.35053e-07
4.94442e-08
8.70661e-08
9.56906e-08
1.65558e-07
9.29695e-08
6.22355e-08
8.75197e-08
8.74072e-08
7.69029e-08
6.97514e-08
6.72551e-08
5.87315e-08
1.25645e-07
8.55583e-08
8.45428e-08
8.72677e-08
1.24618e-07
8.1531e-08
6.18401e-08
1.12897e-07
7.47904e-08
1.05637e-07
1.45813e-07
1.51185e-07
7.50617e-08
9.55898e-08
1.00761e-07
1.01125e-07
8.22403e-08
1.0373e-07
1.20025e-07
