8.07984e-08
6.10417e-08
6.32937e-08
5.73787e-08
6.84412e-08
6.4631e-08
7.49454e-08
9.29269e-08
5.61034e-08
6.89258e-08
7.0325e-08
4.01221e-08
4.40602e-08
7.60191e-08
5.6867e-08
6.28208e-08
6.55419e-08
7.20305e-08
4.91109e-08
9.31595e-08
8.38257e-08
6.49062e-08
8.66824e-08
5.56771e-08
6.70458e-08
5.44444e-08
6.91893e-08
6.13246e-08
5.65414e-08
6.3848e-08
6.50341e-08
6.68675e-08
7.45656e-08
5.73981e-08
1.00745e-07
6.18789e-08
6.10572e-08
9.48146e-08
9.48185e-08
5.58631e-08
6.71117e-08
1.43007e-07
7.86782e-08
5.45607e-08
5.50763e-08
5.646e-08
6.59876e-08
9.5803e-08
8.36706e-08
6.2282e-08
5.62701e-08
7.79107e-08
8.29032e-08
5.51111e-08
8.74344e-08
5.95455e-08
9.20509e-08
5.92199e-08
7.93797e-08
7.66936e-08
4.94016e-08
5.73128e-08
5.37894e-08
8.13953e-08
7.14065e-08
6.99878e-08
5.87935e-08
8.66708e-08
7.12321e-08
6.14564e-08
6.54372e-08
5.43863e-08
6.02548e-08
6.33441e-08
4.36106e-08
5.9809e-08
6.63016e-08
5.49561e-08
7.30035e-08
6.43403e-08
7.03677e-08
7.40578e-08
5.42041e-08
7.32089e-08
5.0766e-08
7.25655e-08
5.38863e-08
5.86656e-08
9.2361e-08
9.13222e-08
1.03513e-07
6.56233e-08
4.99248e-08
5.50569e-08
4.64789e-08
6.31464e-08
7.27903e-08
8.05387e-08
4.95566e-08
5.74795e-08
6.68636e-08
6.53326e-08
6.48442e-08
6.05378e-08
5.17156e-08
7.27864e-08
7.30577e-08
7.77091e-08
6.05649e-08
9.37215e-08
7.22747e-08
5.34173e-08
6.44449e-08
8.0403e-08
5.78051e-08
5.83128e-08
6.71311e-08
4.9921e-08
6.44255e-08
9.31943e-08
7.12359e-08
6.87358e-08
5.4053e-08
5.55375e-08
5.89098e-08
5.65066e-08
6.25689e-08
5.65763e-08
6.84645e-08
6.82629e-08
9.71209e-08
8.60157e-08
6.779e-08
9.28416e-08
5.99796e-08
5.97121e-08
6.1782e-08
7.57555e-08
7.11041e-08
5.95881e-08
6.1906e-08
7.12398e-08
7.93914e-08
5.30994e-08
7.24608e-08
5.99176e-08
8.7101e-08
6.73637e-08
7.3705e-08
6.19797e-08
7.07475e-08
7.15111e-08
6.16037e-08
6.46426e-08
8.14961e-08
5.61693e-08
7.3081e-08
6.76738e-08
6.39565e-08
6.18944e-08
5.63205e-08
5.09326e-08
4.99752e-08
6.14642e-08
8.26822e-08
8.45893e-08
6.23828e-08
7.67517e-08
5.12079e-08
6.67202e-08
7.00537e-08
8.30582e-08
6.22975e-08
5.32467e-08
6.09099e-08
6.34526e-08
7.62245e-08
8.94539e-08
5.91075e-08
1.04765e-07
6.40961e-08
1.00896e-07
6.16735e-08
8.13837e-08
7.05033e-08
7.36198e-08
9.77721e-08
8.11473e-08
6.391e-08
7.86278e-08
6.60768e-08
6.20378e-08
6.35263e-08
7.74533e-08
5.52778e-08
6.6414e-08
5.45995e-08
8.11279e-08
6.38364e-08
4.42269e-08
7.8713e-08
7.60695e-08
6.85769e-08
5.02892e-08
5.52197e-08
6.2941e-08
7.07786e-08
7.75851e-08
8.80623e-08
8.47753e-08
7.95154e-08
7.50074e-08
9.5144e-08
8.80158e-08
6.38092e-08
8.51591e-08
5.41964e-08
6.848e-08
5.88245e-08
6.06036e-08
4.3254e-08
5.37119e-08
5.139e-08
5.03357e-08
5.89989e-08
5.57468e-08
7.57284e-08
6.62938e-08
6.04641e-08
7.21817e-08
7.52323e-08
4.68859e-08
5.32816e-08
5.35994e-08
6.81544e-08
6.49643e-08
6.39565e-08
7.8151e-08
7.90619e-08
5.92005e-08
5.15451e-08
6.14138e-08
7.44648e-08
5.64135e-08
8.4035e-08
6.64411e-08
6.0875e-08
6.68791e-08
8.25272e-08
5.39832e-08
8.52133e-08
4.82426e-08
7.79998e-08
5.74136e-08
6.7918e-08
6.65884e-08
5.38824e-08
7.57788e-08
5.40685e-08
8.2283e-08
4.13896e-08
5.93051e-08
6.54101e-08
6.11192e-08
5.56267e-08
7.3488e-08
5.35646e-08
7.68137e-08
5.31576e-08
6.09021e-08
5.60763e-08
6.74761e-08
8.76592e-08
1.06838e-07
8.6539e-08
6.01967e-08
6.94645e-08
4.10058e-08
5.85609e-08
4.60526e-08
5.5053e-08
8.47831e-08
6.20068e-08
7.85076e-08
7.84998e-08
4.49944e-08
5.27157e-08
7.05344e-08
7.70347e-08
6.87048e-08
4.95101e-08
6.14603e-08
6.99064e-08
8.5194e-08
6.44643e-08
6.96312e-08
6.45728e-08
6.58248e-08
6.99335e-08
7.11545e-08
4.78705e-08
9.72488e-08
5.4929e-08
5.05063e-08
5.04714e-08
5.63127e-08
4.83744e-08
6.77745e-08
4.47114e-08
7.30926e-08
8.47521e-08
5.4553e-08
6.08672e-08
6.66815e-08
6.80459e-08
6.70807e-08
6.48946e-08
6.72861e-08
6.22471e-08
6.90847e-08
6.17432e-08
5.91656e-08
6.52628e-08
5.78593e-08
6.17665e-08
7.55927e-08
9.64891e-08
6.72784e-08
7.11158e-08
4.54479e-08
6.36774e-08
6.81079e-08
8.54769e-08
7.49842e-08
7.97325e-08
5.58205e-08
4.75681e-08
6.33518e-08
6.62124e-08
6.2658e-08
7.8306e-08
6.11812e-08
7.79533e-08
5.20684e-08
8.05116e-08
5.70841e-08
7.05421e-08
7.98991e-08
6.14293e-08
7.10848e-08
7.88487e-08
4.65022e-08
7.82556e-08
8.23217e-08
5.49871e-08
5.38281e-08
6.15456e-08
5.22777e-08
8.18333e-08
6.89064e-08
5.3363e-08
1.00551e-07
6.74916e-08
8.13798e-08
6.13556e-08
6.40302e-08
5.96462e-08
7.57749e-08
7.67517e-08
1.04834e-07
7.01777e-08
6.27472e-08
7.30383e-08
6.82435e-08
5.30723e-08
6.80149e-08
9.60472e-08
7.32748e-08
7.72944e-08
7.10421e-08
5.24405e-08
5.43049e-08
9.1078e-08
6.28441e-08
5.63011e-08
9.00663e-08
1.16393e-07
6.54217e-08
1.03567e-07
6.64799e-08
4.77852e-08
5.7274e-08
5.24637e-08
6.39488e-08
4.8448e-08
7.5802e-08
6.8228e-08
6.33829e-08
5.30413e-08
7.24065e-08
6.20998e-08
5.85144e-08
8.2721e-08
5.86966e-08
7.54842e-08
7.29686e-08
7.55578e-08
7.17166e-08
5.30296e-08
4.90488e-08
6.14254e-08
5.1142e-08
4.75953e-08
6.34526e-08
1.00078e-07
6.97281e-08
6.18556e-08
5.27118e-08
7.41198e-08
6.91893e-08
6.00959e-08
7.04878e-08
5.3832e-08
4.96186e-08
4.81186e-08
6.67822e-08
7.79727e-08
6.08478e-08
6.53093e-08
7.93836e-08
7.4709e-08
7.00227e-08
6.28751e-08
9.14695e-08
6.1875e-08
5.16691e-08
6.70652e-08
5.32777e-08
5.85842e-08
6.59915e-08
6.49876e-08
6.83792e-08
5.13629e-08
6.89413e-08
6.07975e-08
5.63786e-08
7.15964e-08
6.13866e-08
6.16037e-08
5.40491e-08
7.40035e-08
8.86321e-08
5.95997e-08
6.28518e-08
8.80972e-08
7.80929e-08
6.30185e-08
8.1438e-08
5.3894e-08
5.47041e-08
4.61689e-08
5.39638e-08
6.22084e-08
6.50922e-08
6.93638e-08
7.71975e-08
5.5743e-08
5.11497e-08
5.59678e-08
8.63801e-08
4.29943e-08
8.93996e-08
6.8825e-08
5.82702e-08
6.03633e-08
7.76859e-08
5.48398e-08
5.79524e-08
5.17893e-08
6.09137e-08
6.29061e-08
7.09879e-08
4.72154e-08
6.44217e-08
7.26081e-08
8.51087e-08
7.34531e-08
8.11356e-08
6.90459e-08
6.22123e-08
6.15533e-08
5.82198e-08
6.23634e-08
1.04877e-07
6.60807e-08
4.23353e-08
5.01768e-08
6.86893e-08
6.12936e-08
7.77983e-08
5.35335e-08
6.08285e-08
5.62895e-08
7.74804e-08
8.06201e-08
4.43703e-08
5.66965e-08
7.66703e-08
6.78831e-08
5.62662e-08
3.9529e-08
6.57163e-08
8.06356e-08
7.56237e-08
6.5945e-08
7.12359e-08
1.03071e-07
5.48669e-08
7.07088e-08
6.16037e-08
6.54915e-08
7.52594e-08
4.8855e-08
5.81694e-08
7.59571e-08
6.29216e-08
7.5147e-08
8.02596e-08
5.61577e-08
5.18358e-08
6.89839e-08
5.49522e-08
6.39023e-08
6.53132e-08
5.22815e-08
6.72086e-08
4.90023e-08
6.58752e-08
7.65153e-08
7.26701e-08
5.36615e-08
8.30853e-08
6.75691e-08
6.57163e-08
4.39517e-08
4.58239e-08
5.87043e-08
3.92189e-08
5.34909e-08
9.94815e-08
5.30529e-08
4.92814e-08
7.84223e-08
5.59678e-08
7.84146e-08
7.75308e-08
7.40617e-08
7.0984e-08
7.13522e-08
5.10102e-08
7.1298e-08
7.12669e-08
5.58011e-08
8.21396e-08
5.89602e-08
8.53878e-08
6.07277e-08
6.47821e-08
4.14322e-08
7.63098e-08
5.9778e-08
5.86191e-08
4.80798e-08
6.57667e-08
5.01264e-08
6.13014e-08
6.76505e-08
6.89878e-08
5.93633e-08
7.07437e-08
5.95881e-08
6.39798e-08
8.45815e-08
4.93822e-08
5.96385e-08
5.41537e-08
9.69503e-08
5.62042e-08
5.72469e-08
7.1108e-08
5.50608e-08
1.01652e-07
6.84025e-08
6.85149e-08
5.8809e-08
5.98013e-08
8.05581e-08
7.87247e-08
8.27171e-08
8.36978e-08
5.83749e-08
5.99486e-08
5.89175e-08
7.29298e-08
7.14491e-08
4.65177e-08
7.15228e-08
6.48597e-08
9.82295e-08
8.10077e-08
8.80856e-08
7.89262e-08
5.07388e-08
9.18803e-08
8.73452e-08
8.08062e-08
7.18561e-08
7.72634e-08
6.84761e-08
7.52671e-08
7.16429e-08
6.69179e-08
5.43824e-08
6.54178e-08
7.80153e-08
5.98866e-08
6.08634e-08
6.172e-08
9.33959e-08
5.22428e-08
6.60458e-08
5.43824e-08
7.96007e-08
5.55104e-08
6.62783e-08
8.84422e-08
5.61693e-08
6.6445e-08
6.24991e-08
8.90352e-08
7.79959e-08
5.32777e-08
8.41552e-08
7.88603e-08
4.89984e-08
4.70681e-08
7.9717e-08
8.32481e-08
7.74223e-08
6.49798e-08
6.9449e-08
8.34807e-08
8.92019e-08
8.94073e-08
6.22278e-08
8.19302e-08
6.47589e-08
6.8573e-08
5.4332e-08
8.21279e-08
5.42545e-08
5.46654e-08
7.13832e-08
7.59416e-08
7.1798e-08
7.286e-08
5.72004e-08
6.31425e-08
7.29143e-08
8.87988e-08
8.10852e-08
5.22195e-08
8.41978e-08
6.9732e-08
9.13919e-08
9.71907e-08
5.15993e-08
6.91544e-08
6.54256e-08
4.93008e-08
6.60613e-08
8.33877e-08
6.70536e-08
7.76006e-08
5.05838e-08
6.79218e-08
9.13493e-08
7.14608e-08
5.54949e-08
7.63214e-08
3.93003e-08
6.07471e-08
5.30839e-08
6.87281e-08
1.13711e-07
8.61708e-08
9.11284e-08
5.77973e-08
7.1577e-08
6.72164e-08
7.4488e-08
4.72309e-08
8.91011e-08
8.33373e-08
8.4566e-08
4.96613e-08
6.71466e-08
5.26149e-08
6.48713e-08
5.41925e-08
5.89912e-08
7.59338e-08
6.68985e-08
8.79305e-08
4.13818e-08
7.70618e-08
1.05966e-07
7.93797e-08
8.2345e-08
7.15305e-08
6.95227e-08
6.34061e-08
6.28131e-08
6.92513e-08
7.31856e-08
6.1406e-08
6.34759e-08
6.95576e-08
7.71665e-08
5.70841e-08
5.38436e-08
6.56233e-08
8.4097e-08
7.26158e-08
5.95959e-08
6.26154e-08
9.4396e-08
6.5914e-08
8.72018e-08
7.12243e-08
5.48437e-08
6.35883e-08
9.00779e-08
5.53437e-08
9.10935e-08
7.74727e-08
7.34996e-08
5.9216e-08
4.49828e-08
5.85028e-08
5.81152e-08
8.67948e-08
8.47908e-08
7.69765e-08
6.67977e-08
7.99883e-08
7.67788e-08
5.84563e-08
6.05688e-08
5.20025e-08
5.40452e-08
5.45181e-08
4.91923e-08
6.03905e-08
4.75294e-08
5.9685e-08
6.52589e-08
6.08401e-08
6.57899e-08
7.32787e-08
5.984e-08
5.89602e-08
7.54532e-08
6.97049e-08
7.37709e-08
5.90299e-08
4.9983e-08
6.49062e-08
3.45326e-08
7.82208e-08
5.96579e-08
8.26861e-08
5.67197e-08
5.08784e-08
6.90537e-08
5.90222e-08
6.3848e-08
5.23281e-08
5.77818e-08
5.85881e-08
4.91768e-08
7.16236e-08
6.20301e-08
7.32283e-08
8.86554e-08
7.08755e-08
5.68166e-08
6.07781e-08
5.72391e-08
7.98604e-08
7.30849e-08
4.1188e-08
5.2173e-08
5.46615e-08
6.34449e-08
6.71195e-08
7.3019e-08
7.00266e-08
6.44255e-08
3.75754e-08
6.8542e-08
6.5131e-08
6.43751e-08
6.02083e-08
6.38092e-08
7.49919e-08
5.99835e-08
5.70298e-08
8.55196e-08
1.13385e-07
7.69261e-08
6.89723e-08
5.37274e-08
5.98556e-08
4.72503e-08
7.31856e-08
4.66224e-08
3.93236e-08
5.25141e-08
8.03604e-08
6.64411e-08
6.01695e-08
5.8464e-08
6.10572e-08
5.69601e-08
6.29875e-08
5.36382e-08
5.60027e-08
6.8449e-08
5.74175e-08
5.44987e-08
4.17462e-08
7.4864e-08
5.4584e-08
8.31551e-08
7.55152e-08
8.34807e-08
8.64305e-08
7.41314e-08
5.29754e-08
6.55806e-08
7.89301e-08
5.96811e-08
6.72125e-08
6.39914e-08
6.62241e-08
7.12553e-08
7.86704e-08
8.87717e-08
5.01225e-08
5.8747e-08
4.2347e-08
7.1767e-08
4.87504e-08
7.15615e-08
7.40888e-08
6.61155e-08
8.30815e-08
6.91699e-08
6.29914e-08
5.3863e-08
7.10034e-08
5.69136e-08
4.40641e-08
6.77396e-08
6.5507e-08
6.65768e-08
6.52822e-08
6.55147e-08
7.03134e-08
6.87126e-08
8.14186e-08
5.39289e-08
6.69915e-08
8.39807e-08
6.68791e-08
5.03047e-08
6.26619e-08
5.62391e-08
7.20267e-08
6.5414e-08
5.9216e-08
6.1282e-08
7.69765e-08
8.51436e-08
6.1313e-08
5.36382e-08
9.64309e-08
7.91627e-08
5.8464e-08
8.01123e-08
7.27205e-08
4.9952e-08
5.65763e-08
9.13764e-08
7.10072e-08
6.53829e-08
4.92465e-08
4.73123e-08
5.45879e-08
4.09748e-08
4.22423e-08
4.64828e-08
7.97286e-08
5.26149e-08
8.41707e-08
5.59019e-08
7.57517e-08
5.0266e-08
7.3488e-08
7.86704e-08
5.76384e-08
5.20374e-08
6.09913e-08
6.56969e-08
8.27597e-08
6.67784e-08
8.23411e-08
6.62047e-08
7.39686e-08
5.5146e-08
7.06584e-08
5.09792e-08
7.48446e-08
8.03526e-08
9.77915e-08
6.66427e-08
7.6368e-08
7.96317e-08
5.80648e-08
5.23164e-08
7.17127e-08
7.63757e-08
7.19453e-08
4.98977e-08
7.61703e-08
7.41198e-08
7.03561e-08
6.16618e-08
5.93865e-08
6.24371e-08
7.44028e-08
5.67546e-08
5.73748e-08
4.01531e-08
7.03561e-08
7.24918e-08
7.54106e-08
9.11942e-08
5.6774e-08
5.23164e-08
9.84737e-08
7.32981e-08
8.74305e-08
6.38015e-08
4.18741e-08
6.05455e-08
7.2205e-08
6.95149e-08
5.60104e-08
5.61034e-08
5.74136e-08
5.37816e-08
5.21885e-08
5.50608e-08
4.79054e-08
6.51814e-08
5.6805e-08
7.76665e-08
7.42981e-08
7.15848e-08
7.66509e-08
7.37748e-08
4.8793e-08
5.80531e-08
6.61892e-08
8.10736e-08
5.94408e-08
1.0435e-07
5.89834e-08
7.53834e-08
6.09254e-08
6.67202e-08
7.31508e-08
7.75618e-08
8.17829e-08
7.95115e-08
4.55952e-08
5.04249e-08
6.08866e-08
