5.10179e-08
5.208e-08
6.26154e-08
4.9231e-08
6.71776e-08
6.60923e-08
6.66156e-08
5.45956e-08
6.02432e-08
5.40646e-08
6.291e-08
5.27777e-08
5.74756e-08
5.39677e-08
4.35447e-08
7.52904e-08
4.88783e-08
7.54764e-08
8.14418e-08
6.16502e-08
4.87814e-08
4.93163e-08
6.45108e-08
4.5506e-08
6.73947e-08
5.66112e-08
4.68898e-08
5.67352e-08
5.36615e-08
6.99374e-08
6.28906e-08
7.16274e-08
6.23518e-08
4.72309e-08
4.43122e-08
5.56577e-08
6.78482e-08
7.84688e-08
1.07276e-07
5.27157e-08
5.29676e-08
6.10688e-08
5.86307e-08
4.64828e-08
7.24802e-08
4.99946e-08
4.74441e-08
4.97969e-08
5.60027e-08
5.12582e-08
7.49183e-08
6.33906e-08
4.74712e-08
5.15451e-08
5.03706e-08
5.54135e-08
5.38785e-08
6.24991e-08
6.37433e-08
5.08861e-08
6.99607e-08
5.13939e-08
6.89102e-08
4.95334e-08
4.78123e-08
5.41499e-08
7.5523e-08
6.40612e-08
5.85144e-08
4.40253e-08
5.73012e-08
5.62081e-08
5.92044e-08
6.44217e-08
6.13169e-08
3.94941e-08
5.88671e-08
5.69988e-08
1.00222e-07
6.29022e-08
6.79993e-08
5.25257e-08
4.74906e-08
5.89408e-08
4.50331e-08
7.69688e-08
6.23247e-08
6.40495e-08
4.19555e-08
6.72706e-08
7.01971e-08
6.07432e-08
7.15732e-08
5.69794e-08
8.09806e-08
6.11618e-08
6.53248e-08
6.19913e-08
5.99059e-08
4.91884e-08
4.28586e-08
5.09249e-08
6.27045e-08
5.79175e-08
5.53941e-08
6.20572e-08
5.38553e-08
6.09331e-08
4.23005e-08
6.31464e-08
6.46426e-08
4.53084e-08
7.31585e-08
4.38354e-08
5.49794e-08
5.71849e-08
4.41688e-08
5.97703e-08
7.77091e-08
7.94573e-08
4.51494e-08
5.61228e-08
5.55802e-08
4.88395e-08
6.59838e-08
6.0123e-08
4.44827e-08
6.38247e-08
4.56184e-08
5.91113e-08
3.41101e-08
7.26236e-08
5.01342e-08
4.67619e-08
4.08818e-08
7.44376e-08
3.84088e-08
4.56921e-08
5.94602e-08
7.10227e-08
4.33703e-08
4.53781e-08
8.06046e-08
7.57051e-08
5.56616e-08
6.98987e-08
6.6259e-08
6.7104e-08
4.37889e-08
5.67585e-08
6.73404e-08
4.76224e-08
4.59557e-08
7.76355e-08
5.64988e-08
6.47434e-08
7.87673e-08
6.48984e-08
7.6461e-08
6.14331e-08
5.74717e-08
6.21774e-08
4.18121e-08
6.01036e-08
5.32041e-08
4.9483e-08
6.02083e-08
6.79257e-08
6.43441e-08
4.93047e-08
5.78244e-08
9.4206e-08
5.19443e-08
4.94132e-08
6.84141e-08
3.94244e-08
5.35025e-08
6.7604e-08
8.92872e-08
5.78865e-08
5.30219e-08
5.41654e-08
6.65807e-08
5.13009e-08
7.01777e-08
4.02732e-08
5.93168e-08
5.49987e-08
4.7479e-08
5.43824e-08
5.9561e-08
4.64673e-08
5.49677e-08
7.35229e-08
4.40408e-08
4.82348e-08
3.8591e-08
4.96535e-08
4.71069e-08
4.60099e-08
4.97155e-08
5.35994e-08
5.65453e-08
6.73675e-08
5.62546e-08
4.93589e-08
5.49057e-08
4.99365e-08
5.73399e-08
6.81777e-08
7.05537e-08
7.086e-08
6.44294e-08
5.86152e-08
7.55307e-08
7.22205e-08
5.67546e-08
5.09559e-08
6.11928e-08
6.41271e-08
5.7964e-08
3.85367e-08
5.13978e-08
5.71151e-08
6.23828e-08
5.36615e-08
4.69596e-08
5.17893e-08
6.03982e-08
7.98371e-08
8.92407e-08
4.22307e-08
4.76573e-08
5.30645e-08
8.46009e-08
3.85561e-08
4.93512e-08
4.93822e-08
5.03629e-08
5.98672e-08
5.62895e-08
7.41198e-08
5.81888e-08
4.64712e-08
5.3925e-08
5.30103e-08
3.83894e-08
6.32821e-08
5.64678e-08
4.54246e-08
4.8917e-08
4.37114e-08
7.83215e-08
4.00019e-08
6.16076e-08
5.80958e-08
6.32859e-08
3.32303e-08
5.97819e-08
5.62507e-08
5.31033e-08
5.61771e-08
5.7871e-08
5.6053e-08
4.18276e-08
4.77697e-08
4.41378e-08
7.06778e-08
6.6507e-08
4.87969e-08
4.24633e-08
7.00266e-08
5.29754e-08
6.8542e-08
6.16502e-08
6.81001e-08
4.25369e-08
6.43907e-08
5.19404e-08
6.28208e-08
6.27898e-08
6.12355e-08
4.07461e-08
5.13164e-08
6.02238e-08
4.71999e-08
6.30224e-08
5.93284e-08
4.92504e-08
6.18983e-08
5.07543e-08
6.47318e-08
5.4053e-08
5.57158e-08
5.29405e-08
5.91268e-08
4.88744e-08
6.16386e-08
5.9278e-08
8.89345e-08
4.54789e-08
6.05804e-08
6.92707e-08
5.92974e-08
7.28988e-08
6.59993e-08
6.25301e-08
5.74485e-08
5.27622e-08
6.7104e-08
7.64222e-08
5.83942e-08
4.90101e-08
4.7072e-08
6.63055e-08
5.54716e-08
5.60569e-08
4.68821e-08
4.93279e-08
6.12587e-08
5.80376e-08
4.90488e-08
5.23862e-08
5.32622e-08
4.075e-08
5.93284e-08
6.08982e-08
6.70148e-08
5.66655e-08
4.65642e-08
4.88473e-08
6.92126e-08
6.57783e-08
3.68351e-08
5.8526e-08
7.13135e-08
7.80386e-08
4.82814e-08
4.59673e-08
4.78201e-08
5.40219e-08
5.23087e-08
6.66621e-08
6.01811e-08
7.75308e-08
6.95459e-08
5.14017e-08
7.65889e-08
6.33557e-08
5.73632e-08
5.17815e-08
4.43393e-08
4.344e-08
6.33557e-08
5.90028e-08
7.02049e-08
5.14831e-08
4.74635e-08
4.7948e-08
6.10417e-08
4.34439e-08
3.85561e-08
4.26571e-08
4.48975e-08
6.10765e-08
5.34987e-08
4.36959e-08
7.96356e-08
7.36934e-08
4.55099e-08
5.16032e-08
6.71582e-08
6.03788e-08
5.00373e-08
4.65681e-08
4.33276e-08
5.0828e-08
3.51412e-08
5.54251e-08
4.77232e-08
4.89752e-08
5.10063e-08
4.94326e-08
4.46959e-08
4.80914e-08
7.15034e-08
5.26537e-08
5.56926e-08
4.86302e-08
5.308e-08
5.13474e-08
4.64712e-08
4.46843e-08
7.2767e-08
6.06385e-08
4.63782e-08
6.73443e-08
6.29448e-08
5.66306e-08
4.80255e-08
4.83434e-08
6.32317e-08
7.97984e-08
6.20301e-08
5.28126e-08
6.23944e-08
5.80803e-08
4.64286e-08
1.28188e-07
6.99568e-08
6.0654e-08
4.50642e-08
5.53747e-08
4.4068e-08
4.49517e-08
5.70066e-08
7.67982e-08
5.61616e-08
5.6995e-08
4.58743e-08
6.21076e-08
4.64324e-08
4.51068e-08
7.90425e-08
4.63859e-08
5.47662e-08
4.46494e-08
6.38519e-08
5.51383e-08
5.52468e-08
6.74606e-08
6.42705e-08
4.55138e-08
4.22307e-08
6.43945e-08
3.89205e-08
6.35999e-08
4.96264e-08
6.07587e-08
4.81961e-08
4.98008e-08
5.61461e-08
3.80173e-08
5.37545e-08
6.04021e-08
4.57812e-08
6.76582e-08
5.86966e-08
6.11696e-08
5.68244e-08
6.49837e-08
5.98672e-08
5.20141e-08
6.82707e-08
4.0626e-08
4.75681e-08
6.79141e-08
5.5491e-08
5.66694e-08
8.39885e-08
6.46e-08
5.27699e-08
5.18552e-08
6.89064e-08
5.99331e-08
5.64484e-08
5.43514e-08
8.77096e-08
8.18256e-08
7.95852e-08
5.61577e-08
4.89054e-08
6.20107e-08
5.10528e-08
6.32356e-08
6.23208e-08
5.8902e-08
5.89369e-08
8.12209e-08
5.50956e-08
6.96583e-08
4.47463e-08
4.80139e-08
5.65143e-08
8.10155e-08
5.40336e-08
4.65448e-08
6.5224e-08
5.23823e-08
5.03706e-08
4.38897e-08
5.11342e-08
5.85725e-08
5.89795e-08
4.52076e-08
5.50685e-08
8.85546e-08
5.27002e-08
6.04486e-08
5.74019e-08
4.88512e-08
6.05765e-08
5.57817e-08
5.05412e-08
5.46964e-08
3.69591e-08
6.83017e-08
5.27118e-08
6.67861e-08
5.91423e-08
4.78821e-08
4.51766e-08
5.55414e-08
6.12781e-08
4.71418e-08
6.55961e-08
7.06739e-08
4.15213e-08
4.47231e-08
4.82736e-08
4.67193e-08
6.51698e-08
4.84597e-08
5.6898e-08
4.83744e-08
6.52085e-08
5.06613e-08
6.31503e-08
5.83594e-08
5.66306e-08
5.63864e-08
5.54833e-08
4.95954e-08
6.02044e-08
4.79209e-08
6.26735e-08
5.51344e-08
7.47671e-08
6.25805e-08
7.94766e-08
4.2064e-08
4.37695e-08
4.21105e-08
5.45258e-08
5.80183e-08
7.474e-08
4.99016e-08
6.20805e-08
3.80638e-08
6.81583e-08
5.71461e-08
5.1297e-08
4.09089e-08
4.4692e-08
5.45142e-08
5.2987e-08
4.21764e-08
6.00106e-08
5.67624e-08
5.665e-08
4.98163e-08
4.52037e-08
4.96225e-08
4.37114e-08
3.84902e-08
5.69988e-08
4.97737e-08
5.37196e-08
5.36498e-08
4.90992e-08
4.78317e-08
5.36188e-08
6.2034e-08
4.64596e-08
5.41344e-08
4.67813e-08
4.22152e-08
6.3972e-08
4.5227e-08
4.32772e-08
5.95338e-08
4.28237e-08
7.7023e-08
4.6603e-08
5.84563e-08
7.41702e-08
5.75609e-08
4.91845e-08
6.23789e-08
5.02698e-08
5.61267e-08
4.88356e-08
4.53122e-08
6.12161e-08
3.50908e-08
7.86045e-08
6.9732e-08
6.89258e-08
4.44091e-08
6.51426e-08
7.7461e-08
5.15722e-08
4.84945e-08
4.54014e-08
5.00838e-08
6.41581e-08
8.00736e-08
6.2565e-08
4.40719e-08
6.04447e-08
5.33514e-08
5.16885e-08
5.55336e-08
6.09913e-08
5.4929e-08
4.45292e-08
5.715e-08
5.67895e-08
5.83245e-08
7.41934e-08
5.17466e-08
5.00411e-08
4.59518e-08
6.798e-08
6.57318e-08
4.72426e-08
5.30645e-08
4.92698e-08
3.84824e-08
5.97935e-08
7.33523e-08
5.1828e-08
4.51649e-08
4.76961e-08
5.46305e-08
5.2549e-08
5.15528e-08
4.97737e-08
6.86854e-08
4.89791e-08
6.17626e-08
7.05654e-08
5.64988e-08
7.45617e-08
7.30539e-08
5.20529e-08
5.59561e-08
4.67387e-08
5.2956e-08
4.41881e-08
4.09205e-08
4.65177e-08
4.49866e-08
7.69029e-08
4.46378e-08
5.14714e-08
4.513e-08
5.83322e-08
6.19797e-08
6.64334e-08
4.82542e-08
7.4957e-08
6.54992e-08
4.30951e-08
5.71267e-08
7.07088e-08
6.39682e-08
4.04128e-08
6.47395e-08
5.71771e-08
3.71142e-08
4.27268e-08
4.94946e-08
5.62895e-08
6.29875e-08
5.88129e-08
4.73433e-08
4.76185e-08
4.78123e-08
7.17437e-08
6.89684e-08
5.68244e-08
5.23203e-08
6.97475e-08
5.92858e-08
6.43054e-08
5.7119e-08
6.44139e-08
5.98711e-08
5.54677e-08
5.69988e-08
4.46765e-08
3.78778e-08
6.05765e-08
5.85067e-08
5.49561e-08
4.94248e-08
6.48674e-08
7.74339e-08
5.29599e-08
4.32462e-08
6.20146e-08
4.5099e-08
6.45767e-08
4.66262e-08
4.33625e-08
6.1282e-08
7.33446e-08
6.35922e-08
5.86346e-08
6.97824e-08
5.73128e-08
3.96298e-08
7.28562e-08
4.294e-08
4.12733e-08
4.15717e-08
4.13779e-08
6.40224e-08
6.9073e-08
6.848e-08
3.93042e-08
7.54454e-08
6.8104e-08
4.86845e-08
3.85561e-08
4.39672e-08
7.37554e-08
8.27016e-08
4.244e-08
4.57231e-08
5.13203e-08
5.98943e-08
7.14414e-08
6.12277e-08
5.0138e-08
6.20456e-08
5.63748e-08
3.75638e-08
5.51499e-08
5.4053e-08
9.44347e-08
5.6805e-08
5.60957e-08
3.0955e-08
5.2049e-08
7.06041e-08
5.25994e-08
4.83821e-08
5.60569e-08
4.49789e-08
5.35452e-08
4.69363e-08
4.83783e-08
4.95062e-08
4.02035e-08
4.61766e-08
6.52085e-08
6.2627e-08
7.39376e-08
6.81118e-08
5.91191e-08
7.86278e-08
4.22268e-08
6.55341e-08
6.16541e-08
6.97475e-08
4.89674e-08
6.898e-08
4.43044e-08
6.4441e-08
7.92945e-08
5.40685e-08
5.00721e-08
5.59406e-08
4.55525e-08
6.39682e-08
6.43868e-08
3.79282e-08
7.41896e-08
3.8091e-08
4.67348e-08
6.17161e-08
5.7871e-08
5.69329e-08
6.39255e-08
6.33286e-08
4.92155e-08
5.41886e-08
6.54488e-08
5.05218e-08
5.05257e-08
5.62701e-08
5.08125e-08
5.11497e-08
4.63743e-08
6.45108e-08
7.72634e-08
4.84829e-08
5.55569e-08
6.57822e-08
7.52788e-08
6.53713e-08
4.26997e-08
4.52347e-08
6.07083e-08
5.58166e-08
5.57313e-08
5.30917e-08
4.94365e-08
5.54561e-08
5.02931e-08
5.01225e-08
5.39754e-08
5.46809e-08
4.57464e-08
5.15606e-08
6.23479e-08
4.56727e-08
7.73719e-08
5.01497e-08
4.76457e-08
4.49285e-08
4.4444e-08
6.84606e-08
6.39875e-08
5.65298e-08
5.11807e-08
5.75182e-08
6.77009e-08
6.59062e-08
5.18435e-08
4.68821e-08
6.12316e-08
7.98449e-08
5.46615e-08
5.33281e-08
6.41309e-08
5.76616e-08
5.04791e-08
5.20374e-08
6.02354e-08
5.55065e-08
5.39018e-08
5.22002e-08
5.47933e-08
4.48897e-08
5.1797e-08
7.61819e-08
4.25795e-08
4.02383e-08
4.76767e-08
4.30757e-08
7.86084e-08
5.26808e-08
6.00067e-08
5.49135e-08
4.61417e-08
5.31149e-08
5.70337e-08
5.04365e-08
5.44096e-08
5.11962e-08
5.15141e-08
6.12355e-08
6.2344e-08
6.06618e-08
8.4818e-08
6.222e-08
4.73666e-08
6.57163e-08
5.75764e-08
4.66456e-08
5.19715e-08
5.65221e-08
4.70332e-08
5.90842e-08
4.7386e-08
5.14676e-08
6.15766e-08
4.84868e-08
7.49299e-08
5.40607e-08
5.96656e-08
5.24986e-08
5.33242e-08
4.48665e-08
5.51111e-08
3.54087e-08
7.81316e-08
5.39289e-08
6.36697e-08
5.51577e-08
5.31537e-08
5.26537e-08
4.81457e-08
6.42162e-08
4.16997e-08
6.65225e-08
5.80919e-08
5.47352e-08
6.42821e-08
8.17403e-08
5.67856e-08
6.52318e-08
5.16769e-08
6.57163e-08
4.58665e-08
5.35684e-08
7.97712e-08
5.91966e-08
5.37041e-08
6.1251e-08
5.94292e-08
4.50099e-08
6.17122e-08
8.44769e-08
4.09438e-08
6.18673e-08
5.47468e-08
7.35539e-08
5.28862e-08
6.46814e-08
5.23126e-08
5.70802e-08
4.20756e-08
7.60966e-08
7.36159e-08
5.19133e-08
6.35612e-08
4.38587e-08
4.49634e-08
3.98507e-08
4.26919e-08
5.00334e-08
6.14642e-08
5.20257e-08
6.46775e-08
5.87431e-08
5.37584e-08
8.87872e-08
5.25025e-08
6.65187e-08
3.47613e-08
5.8871e-08
6.29759e-08
4.33664e-08
5.69019e-08
6.51504e-08
5.37235e-08
4.52851e-08
4.25136e-08
1.00792e-07
6.20688e-08
4.38897e-08
7.236e-08
5.15451e-08
5.79756e-08
5.8933e-08
3.96724e-08
5.84795e-08
3.82189e-08
4.76961e-08
5.99835e-08
4.74867e-08
5.49949e-08
4.95566e-08
4.26919e-08
5.42506e-08
4.69286e-08
7.75657e-08
8.31667e-08
5.47739e-08
4.16493e-08
7.18716e-08
4.40912e-08
4.97388e-08
5.37932e-08
6.91816e-08
4.45641e-08
5.52856e-08
5.47545e-08
5.56112e-08
5.02504e-08
5.78942e-08
4.36222e-08
4.88667e-08
5.07931e-08
5.7119e-08
6.24875e-08
6.78327e-08
4.0812e-08
7.38911e-08
8.54614e-08
4.44789e-08
5.73632e-08
5.05179e-08
5.95183e-08
4.93085e-08
6.87203e-08
