1.54485e-05
1.26107e-06
5.42858e-05
6.02487e-06
9.44305e-06
3.44683e-05
2.64972e-05
1.62103e-05
8.80227e-06
2.91502e-07
1.14295e-06
1.39155e-05
1.47979e-05
4.01794e-06
3.02914e-06
1.27608e-05
7.68862e-07
8.24711e-06
2.02484e-05
4.69549e-06
4.1081e-06
3.79495e-05
1.35538e-06
1.11064e-05
4.70518e-06
8.28251e-06
5.23226e-06
8.67706e-06
6.96555e-05
3.72829e-06
8.689e-06
4.57269e-06
2.80347e-06
5.36907e-06
1.74407e-05
4.69259e-06
6.63468e-06
2.2969e-05
2.87861e-06
1.03701e-05
5.17682e-05
8.02393e-06
5.00181e-06
7.78788e-06
7.91404e-06
9.83117e-06
2.53532e-05
2.12031e-05
3.21445e-05
5.0893e-05
6.31838e-05
9.79225e-06
1.27828e-06
1.73662e-05
2.65562e-05
2.45965e-05
2.52442e-06
6.99718e-06
8.91771e-06
2.6824e-05
1.18929e-05
1.34689e-06
2.01576e-05
2.13186e-06
2.88464e-06
3.39021e-05
2.93647e-05
8.18217e-07
1.44411e-05
1.94021e-05
1.60869e-05
2.21131e-06
3.72569e-05
1.24417e-05
1.07257e-05
3.9464e-06
1.77672e-05
3.48924e-05
2.10244e-05
2.58313e-05
1.57203e-05
1.32216e-06
8.15558e-07
5.0885e-06
6.8685e-06
1.25863e-05
3.59245e-06
1.47447e-05
9.63538e-06
3.70739e-06
3.81823e-05
2.35271e-05
1.4774e-06
2.29464e-05
3.18615e-05
2.54302e-06
3.2222e-06
3.74155e-05
3.51318e-05
2.12148e-05
1.00005e-06
1.56598e-05
2.76331e-06
6.80737e-05
1.19598e-05
3.03742e-05
3.423e-06
2.09683e-05
8.10028e-06
1.72186e-06
5.00171e-07
1.03608e-05
4.05463e-06
5.24834e-05
4.7505e-05
4.26912e-06
9.61548e-06
1.21798e-05
1.94122e-05
1.51079e-05
1.54694e-05
1.0095e-05
1.34454e-05
2.63526e-05
1.69965e-05
2.86587e-06
4.09389e-06
1.83015e-05
3.47893e-06
2.42341e-05
3.3437e-05
9.70918e-06
1.6934e-05
1.39551e-05
1.94322e-05
7.95449e-07
2.10789e-06
4.67039e-06
1.93082e-06
9.55521e-06
1.6388e-07
1.71522e-05
5.50332e-06
4.12866e-06
4.70918e-05
6.9901e-06
3.05541e-06
3.25726e-05
3.86953e-06
2.66704e-05
6.93943e-06
1.59194e-05
1.2456e-05
1.6096e-05
1.00147e-06
1.1252e-05
1.45428e-06
2.91345e-06
9.86899e-06
3.04056e-05
4.59791e-06
5.30029e-05
3.61073e-05
1.33585e-05
1.87768e-05
2.22266e-05
1.0047e-05
1.44348e-05
6.08667e-06
1.24373e-05
9.74404e-06
5.99645e-07
1.75665e-05
4.89663e-06
4.33854e-06
1.12291e-06
1.05661e-05
7.19323e-05
1.63376e-06
3.71149e-07
8.66398e-06
1.3144e-07
8.7922e-07
3.05136e-05
5.01526e-06
5.45253e-06
4.1353e-05
2.73084e-06
7.68065e-06
6.8421e-06
1.75947e-05
2.32306e-07
2.02529e-05
2.1588e-05
7.0022e-06
5.49521e-05
5.67802e-06
3.15673e-05
7.23649e-06
1.40484e-05
1.95391e-06
7.38625e-06
3.49059e-05
1.64906e-05
9.36982e-06
1.47682e-05
1.22049e-05
8.13607e-06
3.03998e-05
2.39929e-05
2.26151e-05
3.13603e-05
1.21443e-06
5.64035e-06
1.12964e-05
9.00437e-06
1.41152e-06
1.48807e-06
1.93604e-05
8.92197e-07
4.20655e-05
9.70539e-06
3.60944e-05
3.12943e-06
8.75788e-06
8.0645e-06
2.43429e-05
3.12126e-05
1.67596e-05
1.2632e-05
3.398e-05
5.97045e-06
8.16217e-06
2.54547e-07
1.36241e-05
1.38982e-05
4.17604e-05
3.15961e-05
4.75846e-05
1.55092e-05
5.72539e-06
8.80327e-06
1.17618e-05
4.20281e-06
1.6626e-05
3.23582e-05
6.74525e-06
2.33449e-05
1.3171e-05
1.45881e-06
8.48777e-06
1.58995e-05
2.59263e-05
1.39426e-05
7.4569e-06
2.11224e-05
1.41239e-05
6.94729e-06
1.73025e-05
1.35084e-05
3.83127e-06
2.48374e-05
8.11059e-06
1.32678e-05
6.34947e-06
4.56597e-06
4.15779e-05
3.73749e-06
3.95681e-06
1.04971e-06
2.87396e-05
3.20459e-06
1.38084e-05
9.8072e-06
4.21366e-06
5.98007e-06
3.16565e-05
8.80474e-06
2.52159e-07
1.78227e-05
5.50433e-05
2.20373e-05
5.59723e-06
3.16589e-05
5.07758e-05
3.02867e-07
7.67552e-07
1.38342e-05
7.75881e-06
2.14259e-05
2.69196e-05
5.781e-06
1.1656e-05
4.0477e-06
8.52666e-06
6.37341e-06
4.19886e-05
8.47228e-06
1.21477e-06
7.25323e-06
9.07684e-06
1.46963e-05
5.53641e-06
7.35335e-06
1.68758e-05
1.44424e-05
6.00795e-05
1.58977e-05
5.06458e-06
1.74049e-05
1.79269e-05
3.51069e-06
3.2591e-06
1.80741e-05
2.00022e-05
2.42865e-05
1.8932e-05
1.92775e-05
5.71679e-06
2.4228e-05
1.21785e-05
4.499e-06
1.66293e-05
3.70667e-06
4.28251e-06
0.000101224
2.08423e-06
7.93836e-06
8.01946e-06
6.15892e-06
1.29227e-06
3.09627e-05
3.02868e-05
3.00867e-05
1.02994e-05
2.75939e-07
1.39531e-05
3.20425e-06
1.04653e-05
1.16696e-05
8.87558e-06
4.01895e-06
6.54724e-06
1.48158e-07
3.51659e-05
8.05652e-06
1.90903e-05
5.68982e-06
6.15692e-06
1.8254e-06
1.35601e-06
2.94925e-06
6.0211e-06
1.03039e-05
2.02586e-05
5.40367e-06
8.50963e-06
4.0617e-07
2.67256e-05
2.42454e-05
2.72088e-05
3.19942e-05
1.23367e-06
1.26091e-05
3.63459e-07
7.75855e-06
5.64856e-06
1.15757e-05
4.32742e-06
4.15464e-05
6.23205e-06
2.0789e-05
1.85297e-06
3.56084e-06
1.159e-05
3.10101e-05
7.73951e-06
8.5436e-06
7.26695e-06
1.31559e-05
1.38486e-05
8.16595e-06
1.65583e-05
4.76376e-06
2.7271e-05
2.36863e-05
1.36511e-05
1.79523e-05
1.89267e-05
8.13259e-06
9.05624e-06
5.54048e-06
3.81347e-05
1.13654e-05
3.15653e-05
5.65182e-07
8.17201e-06
6.29305e-06
4.89938e-06
1.30698e-05
2.8722e-05
1.61018e-05
1.03071e-05
4.58871e-06
3.23861e-06
9.7537e-06
4.25616e-05
6.98264e-06
1.15715e-05
2.44324e-05
4.19488e-06
3.15779e-06
1.04351e-05
2.05024e-06
1.11938e-05
1.96908e-06
5.09773e-06
4.08056e-05
4.46093e-05
3.70049e-05
6.14514e-05
5.98502e-06
1.25263e-05
4.37856e-05
1.08604e-06
4.42599e-07
1.57123e-05
2.35511e-05
2.50181e-06
1.3068e-05
2.14027e-06
2.36646e-06
1.06992e-05
3.67139e-06
1.35798e-06
1.17093e-06
2.74148e-05
9.09688e-06
2.1479e-05
4.52441e-05
1.98494e-07
7.1329e-06
3.12291e-05
2.04435e-05
2.91899e-05
3.62289e-05
1.85303e-05
1.5883e-05
5.66328e-06
3.79676e-05
5.98307e-07
9.80633e-06
1.38643e-05
2.89651e-05
6.19258e-06
3.20669e-06
1.24055e-05
6.86885e-06
1.55224e-05
1.75298e-05
1.13117e-06
3.30431e-06
6.8905e-06
4.45764e-06
4.21184e-05
1.37944e-05
1.18954e-05
3.72321e-06
5.61193e-06
1.94663e-06
2.51947e-05
3.36077e-05
6.85595e-06
2.62386e-05
1.70269e-05
1.81723e-05
7.03706e-05
5.36474e-05
1.59046e-05
5.04178e-06
3.51112e-06
8.63819e-05
1.0056e-05
5.8436e-06
2.41029e-05
1.51989e-06
7.99488e-07
7.77905e-07
1.52233e-05
3.58045e-06
7.25643e-06
4.15794e-05
1.69242e-05
1.25825e-06
1.37293e-05
3.46161e-06
4.74454e-06
2.86575e-05
1.61955e-06
3.27802e-06
5.52618e-06
7.21954e-06
2.9551e-06
5.59533e-06
4.67765e-06
1.99972e-05
1.11542e-05
3.40141e-05
1.50085e-05
5.41875e-05
2.90457e-05
1.34923e-05
1.75535e-05
2.85546e-05
6.37055e-06
2.2345e-05
1.17238e-05
1.15785e-05
2.41941e-05
2.25932e-05
5.46304e-06
5.30025e-06
9.1153e-06
1.38389e-05
2.46011e-05
7.63152e-06
9.53881e-06
6.17663e-06
2.79609e-06
3.67092e-05
2.83584e-05
2.63358e-06
1.81722e-07
7.03768e-05
1.6017e-06
3.77703e-05
6.40617e-06
2.5235e-06
1.52003e-05
1.92653e-05
1.72292e-06
1.36824e-05
2.47772e-05
5.08749e-06
1.47345e-06
1.01109e-05
3.00496e-05
5.1943e-06
2.36926e-06
1.21118e-05
1.46348e-07
4.40391e-05
3.04479e-06
6.70156e-06
1.87624e-06
1.03609e-05
2.20153e-06
4.22597e-06
6.75316e-06
1.49802e-05
4.67116e-05
1.32741e-05
6.46059e-06
1.46568e-05
1.36765e-06
3.15492e-06
2.42358e-05
4.71404e-06
4.67234e-05
8.20407e-07
1.33681e-05
1.56623e-05
8.53242e-06
5.20996e-05
1.13662e-05
2.45706e-05
4.94496e-06
1.71122e-05
2.28835e-06
3.78378e-06
1.90235e-06
3.42973e-05
1.75535e-05
5.78439e-06
2.58688e-05
7.68835e-05
2.71841e-05
2.19739e-05
4.28049e-06
6.42818e-06
1.25845e-05
1.77281e-05
3.74815e-05
4.53096e-06
5.3974e-06
2.67167e-05
4.95538e-05
2.07369e-06
1.80112e-05
2.40618e-06
4.62956e-06
2.36039e-06
1.41243e-05
8.41962e-06
2.49794e-05
1.56627e-06
8.0686e-07
5.29944e-07
4.19447e-05
1.16735e-05
1.482e-05
1.07769e-05
5.98176e-06
7.51855e-06
6.9394e-06
2.98144e-06
9.19242e-06
7.1457e-06
7.08584e-07
3.03106e-05
1.0794e-05
3.21305e-05
2.58756e-05
1.11714e-05
1.61053e-05
5.93893e-07
2.53851e-05
2.06576e-06
1.06991e-06
2.36211e-05
1.31876e-05
1.30312e-05
7.93793e-07
8.41008e-06
2.78361e-05
6.90151e-06
1.29833e-05
1.42124e-05
2.8782e-07
9.08664e-06
4.9326e-05
1.30951e-06
4.58781e-06
9.59169e-06
5.99656e-06
5.62155e-06
6.66465e-06
8.03493e-06
4.8199e-06
7.24671e-06
3.63132e-05
2.1879e-05
1.96184e-05
1.50221e-05
8.08995e-06
1.78936e-05
2.05136e-05
4.89139e-06
1.63767e-05
8.99818e-06
1.10321e-05
1.49481e-05
1.00846e-05
4.00631e-06
1.22214e-05
2.43658e-05
1.29695e-05
6.86831e-06
9.59292e-06
1.78359e-05
2.48052e-05
5.25018e-06
4.00916e-05
6.76208e-05
4.20476e-05
7.33072e-06
1.44514e-05
1.50512e-05
1.59881e-05
9.7733e-06
4.2302e-05
2.28814e-06
6.62454e-07
2.44965e-05
1.85376e-05
1.4683e-05
4.36634e-06
9.93535e-07
1.25411e-05
1.30292e-05
7.41613e-07
4.89748e-06
5.24011e-06
1.3327e-06
1.54471e-05
5.09253e-06
9.93601e-07
2.93995e-05
2.70602e-06
1.50611e-05
1.87044e-05
1.48997e-05
9.67395e-06
4.22989e-05
9.52983e-07
1.87097e-05
8.84949e-06
4.97762e-06
1.12962e-05
1.34916e-06
2.59621e-05
6.01908e-06
2.15499e-06
1.25225e-05
1.01289e-05
5.20679e-06
1.40179e-05
5.28991e-06
3.37246e-05
1.11254e-05
5.56334e-06
5.21582e-06
1.52227e-05
1.7618e-05
1.32002e-05
1.46702e-05
6.42649e-06
2.0117e-05
1.17133e-05
4.61108e-05
5.14982e-06
7.86276e-06
3.4483e-05
5.65009e-06
1.16025e-05
4.10538e-06
1.08145e-05
1.42318e-05
1.56635e-05
2.92192e-05
2.57552e-05
3.21021e-06
1.50806e-06
4.24011e-06
5.29008e-06
2.17452e-05
8.81294e-07
7.64753e-06
4.7982e-06
1.10297e-05
2.17814e-05
5.74104e-05
3.87039e-05
7.02971e-07
8.00176e-06
2.39527e-05
5.20143e-05
2.30357e-05
1.5309e-05
8.45853e-06
1.30773e-06
1.88024e-06
3.68854e-05
6.33577e-06
1.24342e-05
1.09703e-05
1.05721e-06
2.05829e-05
8.83746e-06
1.33523e-05
6.46154e-06
3.67083e-05
2.39778e-05
4.62589e-06
1.39361e-05
6.46411e-07
9.84626e-05
1.90999e-05
2.53988e-05
1.01028e-05
9.14602e-06
7.4553e-06
5.46156e-05
0.00010134
1.07113e-05
1.4567e-05
4.27427e-06
4.43786e-05
6.63904e-06
6.95088e-06
7.30282e-06
6.81428e-08
7.07189e-07
4.40903e-06
4.96089e-06
1.02775e-05
4.96644e-06
1.02301e-05
1.30784e-06
3.76237e-06
2.78698e-05
1.61078e-05
1.00073e-05
3.2045e-05
1.08841e-05
3.65786e-06
5.20025e-06
4.6147e-06
2.98468e-05
5.31395e-06
6.36821e-06
1.92146e-06
3.63591e-07
3.61896e-05
2.23892e-06
3.08674e-06
6.78997e-07
4.92323e-05
1.08114e-05
6.91134e-06
2.97125e-05
5.68489e-06
2.20348e-05
3.99214e-05
1.73553e-06
1.37916e-05
5.1625e-06
1.89075e-05
8.05089e-06
2.54697e-06
1.49406e-06
1.90715e-06
9.43373e-06
2.74494e-06
4.40794e-06
8.17769e-06
1.63794e-05
1.20875e-05
1.45292e-05
3.7925e-05
5.32447e-06
9.65862e-06
3.18714e-05
1.8458e-05
2.77042e-06
5.05884e-07
3.70875e-06
2.44186e-05
7.40168e-06
8.83388e-06
1.91985e-06
1.62264e-05
3.56276e-05
6.1343e-06
4.90416e-06
6.23895e-05
5.65886e-06
3.05232e-06
1.0121e-05
6.28636e-06
3.10623e-05
3.04324e-05
3.75349e-05
1.34056e-05
1.78707e-05
3.82376e-05
2.54692e-05
2.39887e-05
2.01332e-05
8.06651e-07
3.06459e-06
4.73828e-05
9.57368e-06
2.88076e-07
3.01278e-06
2.34436e-06
6.45074e-06
1.67464e-05
8.16589e-07
1.11168e-05
3.14126e-05
2.33255e-06
3.70448e-05
7.58807e-06
2.80174e-05
3.41193e-06
5.90978e-07
8.02477e-06
3.27684e-05
7.29142e-06
8.33563e-07
2.17185e-05
1.33171e-05
3.68342e-06
2.22427e-06
5.06897e-05
1.90452e-05
1.26286e-05
3.65024e-05
5.6132e-06
8.88672e-06
1.34126e-05
3.13467e-05
6.75691e-06
2.58738e-05
1.61098e-05
7.40835e-05
4.4147e-06
6.33243e-07
4.59721e-06
7.17617e-05
2.09992e-05
1.39595e-05
1.17205e-05
1.27709e-05
3.07858e-06
6.47398e-06
1.18364e-05
4.23676e-06
2.04004e-05
1.35598e-05
2.30048e-05
3.08735e-06
1.98785e-06
2.37182e-05
1.92249e-05
3.77231e-05
2.16938e-05
1.10502e-05
1.97406e-05
2.77562e-05
8.96934e-06
6.02642e-06
1.13727e-06
7.73663e-06
1.8371e-06
7.7413e-06
2.93598e-06
3.29623e-06
3.45261e-06
8.11262e-05
1.25773e-05
4.07391e-05
2.64706e-07
6.00665e-06
2.60325e-05
2.24637e-05
1.55825e-05
2.2177e-05
1.83205e-05
1.73962e-05
2.28498e-05
1.71446e-05
7.61183e-07
3.05715e-06
1.85833e-05
1.57686e-06
2.30886e-05
5.76504e-06
7.43961e-06
2.69218e-07
5.14598e-06
1.32448e-05
1.94268e-06
2.68571e-07
3.54887e-06
1.35036e-06
2.28977e-05
5.16311e-06
8.97159e-07
1.34759e-06
3.59163e-05
5.94705e-06
6.00601e-05
5.08958e-06
1.28655e-05
1.05019e-05
1.83585e-05
6.45237e-06
4.89778e-06
1.52066e-06
1.29519e-05
2.28148e-06
1.05226e-05
3.01809e-06
1.02723e-05
5.1702e-06
6.11762e-06
5.50159e-05
3.1581e-07
4.13204e-06
2.05472e-05
2.63014e-05
5.57511e-06
2.55674e-06
1.93315e-05
1.24282e-06
3.03573e-05
2.851e-06
8.77295e-06
