6.36736e-08
6.52279e-08
6.80032e-08
6.13285e-08
4.74557e-08
4.64402e-08
5.56732e-08
9.65666e-08
5.17311e-08
5.95145e-08
6.39449e-08
7.24375e-08
6.56969e-08
6.46426e-08
6.25689e-08
6.5883e-08
5.65221e-08
5.32583e-08
6.75381e-08
6.58287e-08
5.15877e-08
6.82513e-08
6.53287e-08
5.76616e-08
5.44483e-08
5.19598e-08
7.48718e-08
7.81859e-08
5.66771e-08
7.49919e-08
6.37588e-08
6.23867e-08
6.47124e-08
6.73404e-08
7.59028e-08
6.37433e-08
4.8169e-08
5.78167e-08
6.47085e-08
4.76922e-08
6.48984e-08
5.03241e-08
5.87276e-08
6.63636e-08
6.64024e-08
6.22859e-08
6.77823e-08
5.80454e-08
5.67934e-08
5.31808e-08
5.29017e-08
7.06623e-08
6.31115e-08
6.51543e-08
5.89485e-08
6.98095e-08
7.60501e-08
6.72396e-08
6.67629e-08
3.73274e-08
5.64407e-08
7.80463e-08
6.0782e-08
5.4739e-08
7.44028e-08
5.23668e-08
7.56005e-08
6.49411e-08
6.75575e-08
7.79378e-08
6.25727e-08
6.28828e-08
9.37021e-08
4.54828e-08
7.39299e-08
5.48553e-08
6.46271e-08
4.83162e-08
7.59377e-08
6.25534e-08
6.37278e-08
6.81777e-08
6.76582e-08
6.6476e-08
8.41513e-08
5.01962e-08
6.27123e-08
4.62231e-08
8.12364e-08
8.27714e-08
6.54837e-08
5.06342e-08
3.63196e-08
7.09258e-08
5.3646e-08
8.05968e-08
5.79136e-08
7.48911e-08
7.46547e-08
4.95644e-08
6.72784e-08
7.68253e-08
5.83826e-08
6.65535e-08
7.58989e-08
4.93938e-08
7.09801e-08
7.29841e-08
5.26382e-08
4.41571e-08
5.26808e-08
8.3783e-08
6.01346e-08
5.30645e-08
6.91506e-08
8.14729e-08
6.93831e-08
5.84563e-08
7.86471e-08
8.72057e-08
4.54014e-08
6.29991e-08
5.58825e-08
5.53631e-08
5.17583e-08
5.59716e-08
7.06778e-08
8.57366e-08
7.71199e-08
7.32322e-08
6.45845e-08
4.14361e-08
6.73288e-08
7.18251e-08
6.76582e-08
5.40607e-08
6.58558e-08
7.74417e-08
6.50418e-08
5.59484e-08
7.72634e-08
6.40922e-08
7.06158e-08
6.629e-08
5.07195e-08
6.7321e-08
7.72866e-08
7.23949e-08
4.23121e-08
6.59489e-08
4.8417e-08
6.41116e-08
7.92983e-08
7.67168e-08
6.88831e-08
5.90842e-08
6.49062e-08
9.47254e-08
7.47477e-08
7.1108e-08
5.06303e-08
6.4693e-08
5.39444e-08
4.30447e-08
5.35529e-08
6.35069e-08
6.07161e-08
4.87232e-08
8.20543e-08
6.02781e-08
6.87164e-08
7.29143e-08
4.29516e-08
3.46218e-08
6.98483e-08
4.63859e-08
1.05117e-07
9.02678e-08
4.99597e-08
8.21589e-08
8.90314e-08
9.00198e-08
6.40302e-08
4.51494e-08
5.17118e-08
5.36653e-08
8.0531e-08
9.87179e-08
5.87276e-08
6.06463e-08
7.50384e-08
6.61892e-08
5.92935e-08
5.82198e-08
7.39066e-08
5.77663e-08
4.82387e-08
8.06589e-08
6.69334e-08
6.56582e-08
6.14176e-08
6.32045e-08
6.60458e-08
7.29104e-08
5.7088e-08
7.46276e-08
7.30771e-08
4.57812e-08
6.40495e-08
6.04796e-08
6.50302e-08
8.18682e-08
5.65259e-08
7.64377e-08
3.32303e-08
6.07936e-08
5.3425e-08
5.95338e-08
4.4068e-08
5.39405e-08
7.02747e-08
4.3785e-08
4.98047e-08
6.54876e-08
8.42133e-08
5.12621e-08
5.08784e-08
7.93255e-08
7.19065e-08
6.61776e-08
6.98638e-08
6.67512e-08
6.38906e-08
5.0359e-08
5.42313e-08
4.71069e-08
4.26299e-08
3.72731e-08
5.17699e-08
6.24061e-08
4.701e-08
5.06303e-08
5.23319e-08
6.89451e-08
5.97199e-08
4.55448e-08
6.94878e-08
5.95571e-08
7.52594e-08
6.80691e-08
6.85188e-08
7.01816e-08
5.96579e-08
7.57362e-08
7.9434e-08
6.11889e-08
4.97659e-08
8.01162e-08
7.30965e-08
6.18556e-08
3.65948e-08
4.01802e-08
6.03052e-08
8.27597e-08
8.86205e-08
5.91966e-08
6.44449e-08
7.45423e-08
5.20218e-08
6.20378e-08
4.99559e-08
6.46969e-08
5.25529e-08
6.97475e-08
7.88487e-08
7.01777e-08
6.01269e-08
6.39023e-08
8.05891e-08
4.83589e-08
7.50036e-08
5.61693e-08
7.81898e-08
6.02122e-08
5.9685e-08
5.00256e-08
5.09792e-08
6.36736e-08
7.56664e-08
6.79606e-08
6.2503e-08
6.65303e-08
5.19637e-08
5.52817e-08
7.2236e-08
6.61659e-08
4.97117e-08
5.47855e-08
6.82009e-08
5.92509e-08
5.77043e-08
6.48829e-08
6.22084e-08
7.48524e-08
5.48863e-08
5.98633e-08
7.1046e-08
7.18212e-08
6.25844e-08
4.67735e-08
7.12669e-08
6.15456e-08
5.51809e-08
9.31827e-08
6.50884e-08
6.75148e-08
6.80187e-08
4.81496e-08
6.85536e-08
6.54527e-08
9.02834e-08
6.84761e-08
6.17587e-08
6.1313e-08
8.76747e-08
6.5224e-08
5.55181e-08
4.54983e-08
5.93555e-08
9.89582e-08
6.15998e-08
4.75759e-08
4.72309e-08
6.03439e-08
6.84645e-08
7.37516e-08
6.88327e-08
5.21498e-08
5.08668e-08
6.74218e-08
4.40408e-08
6.4724e-08
6.79606e-08
8.27093e-08
4.28354e-08
5.21846e-08
5.90532e-08
5.64213e-08
5.40646e-08
8.77871e-08
6.6666e-08
6.38751e-08
5.62546e-08
8.22287e-08
4.8262e-08
7.23329e-08
5.93633e-08
4.76883e-08
5.41537e-08
6.57628e-08
5.92547e-08
5.6836e-08
6.35146e-08
7.30732e-08
5.32351e-08
8.46939e-08
7.35112e-08
7.52439e-08
4.44789e-08
5.79989e-08
5.77508e-08
6.18983e-08
6.04602e-08
5.50956e-08
6.79335e-08
5.71694e-08
7.60734e-08
6.14254e-08
5.85028e-08
9.08338e-08
5.38591e-08
5.00838e-08
8.99888e-08
5.85377e-08
6.75691e-08
7.61897e-08
7.00072e-08
4.43742e-08
5.19831e-08
6.24758e-08
5.69484e-08
5.83942e-08
5.49483e-08
5.93788e-08
8.54498e-08
7.4488e-08
8.2221e-08
6.06269e-08
7.56935e-08
7.6054e-08
4.58975e-08
4.24633e-08
6.29836e-08
4.28547e-08
6.81583e-08
6.70226e-08
6.4569e-08
4.75681e-08
6.55806e-08
6.13246e-08
6.50729e-08
5.43902e-08
4.6634e-08
7.13639e-08
6.60148e-08
6.92513e-08
5.50763e-08
3.92771e-08
5.30955e-08
6.22471e-08
5.23009e-08
5.99757e-08
7.02785e-08
5.40336e-08
5.82082e-08
8.38296e-08
6.29759e-08
9.28649e-08
7.00188e-08
6.45224e-08
5.96889e-08
7.43562e-08
4.03469e-08
7.15964e-08
6.24138e-08
4.83317e-08
3.72498e-08
5.93788e-08
6.73404e-08
4.79248e-08
7.60811e-08
4.92853e-08
6.91079e-08
4.67231e-08
6.63481e-08
4.87853e-08
5.14133e-08
6.89258e-08
5.90261e-08
4.39439e-08
7.96549e-08
7.9779e-08
4.7196e-08
4.5351e-08
5.5084e-08
5.42971e-08
7.03212e-08
6.81815e-08
6.57822e-08
5.59251e-08
6.48984e-08
7.79417e-08
4.68549e-08
6.82513e-08
5.19133e-08
5.65182e-08
5.14017e-08
6.71466e-08
7.65153e-08
7.43756e-08
9.24734e-08
5.96656e-08
8.61087e-08
5.16536e-08
3.98585e-08
7.3488e-08
8.59847e-08
6.97591e-08
6.83908e-08
6.03168e-08
4.36494e-08
7.79223e-08
6.88366e-08
5.37467e-08
7.37593e-08
5.63593e-08
7.9965e-08
8.06589e-08
5.97276e-08
6.01579e-08
8.00891e-08
4.31958e-08
7.58796e-08
7.36508e-08
7.0546e-08
8.84422e-08
6.42317e-08
9.04655e-08
5.37235e-08
4.50525e-08
6.31503e-08
6.50341e-08
7.22282e-08
3.81375e-08
7.85425e-08
7.86898e-08
7.58796e-08
5.3925e-08
5.32855e-08
6.1875e-08
5.98866e-08
5.66267e-08
7.30694e-08
4.94171e-08
4.98124e-08
6.53597e-08
6.15145e-08
6.32162e-08
5.66577e-08
4.17733e-08
6.05726e-08
7.60617e-08
7.43485e-08
5.90416e-08
6.63675e-08
6.57318e-08
6.26813e-08
7.46431e-08
6.25146e-08
5.69484e-08
6.35108e-08
9.12136e-08
6.97824e-08
5.78051e-08
8.50079e-08
6.779e-08
6.14409e-08
6.38402e-08
6.9763e-08
7.33833e-08
4.12268e-08
7.08444e-08
7.82053e-08
5.61577e-08
6.37782e-08
5.65027e-08
5.28901e-08
7.11119e-08
5.95067e-08
5.96772e-08
5.27777e-08
6.88637e-08
6.61117e-08
5.40064e-08
7.50966e-08
4.82426e-08
5.24133e-08
7.04452e-08
9.45045e-08
5.21381e-08
7.48873e-08
7.85309e-08
6.32394e-08
5.80531e-08
8.49614e-08
6.71001e-08
5.73205e-08
5.61383e-08
9.04151e-08
7.02708e-08
5.07854e-08
3.90406e-08
6.22937e-08
5.69058e-08
9.12253e-08
4.81883e-08
7.28833e-08
5.79872e-08
4.58898e-08
6.11463e-08
4.76961e-08
5.57972e-08
8.32869e-08
6.39875e-08
5.59213e-08
7.38407e-08
4.85139e-08
4.20563e-08
5.52391e-08
6.08556e-08
5.99602e-08
7.4678e-08
7.23716e-08
6.73947e-08
9.51634e-08
7.26197e-08
4.26377e-08
5.68864e-08
3.95755e-08
5.63205e-08
6.62435e-08
6.74451e-08
5.87121e-08
6.7918e-08
6.70885e-08
7.46857e-08
5.41421e-08
5.82625e-08
4.07655e-08
7.73448e-08
6.8387e-08
1.0078e-07
7.41896e-08
5.63321e-08
5.64755e-08
8.17442e-08
4.04709e-08
5.40142e-08
5.0545e-08
7.14065e-08
7.68331e-08
6.01036e-08
6.3348e-08
4.54285e-08
4.4506e-08
7.70424e-08
4.85449e-08
5.83555e-08
5.74989e-08
3.34318e-08
5.95145e-08
6.30728e-08
5.66345e-08
7.13871e-08
8.96903e-08
6.39798e-08
7.06002e-08
7.02514e-08
5.23707e-08
6.13944e-08
9.81054e-08
5.73128e-08
8.12132e-08
6.91312e-08
5.92044e-08
7.56199e-08
6.23363e-08
6.52938e-08
6.76815e-08
7.59183e-08
4.77077e-08
5.80415e-08
9.60782e-08
7.3957e-08
5.67856e-08
5.039e-08
6.28169e-08
5.10334e-08
5.96191e-08
5.78244e-08
4.53161e-08
6.8542e-08
4.65603e-08
5.99641e-08
9.10198e-08
6.49915e-08
4.175e-08
6.51426e-08
7.61238e-08
7.60307e-08
7.33756e-08
5.72973e-08
6.65962e-08
7.95619e-08
7.81316e-08
5.12621e-08
6.34177e-08
8.51901e-08
8.1593e-08
4.57347e-08
4.76922e-08
6.14293e-08
9.94737e-08
6.57899e-08
6.4662e-08
5.98207e-08
4.9859e-08
5.21808e-08
6.08207e-08
5.69717e-08
5.52584e-08
6.63791e-08
5.79214e-08
7.05964e-08
8.88414e-08
4.63627e-08
6.51659e-08
5.55181e-08
5.46189e-08
9.48921e-08
4.85178e-08
6.17665e-08
5.55724e-08
5.78593e-08
5.15916e-08
7.09026e-08
8.28218e-08
8.8415e-08
7.99146e-08
5.59251e-08
9.47797e-08
6.69257e-08
7.04956e-08
7.75231e-08
7.34337e-08
6.10494e-08
4.81302e-08
8.21977e-08
6.10998e-08
8.20194e-08
6.40689e-08
7.355e-08
7.97247e-08
6.89684e-08
9.76907e-08
7.67633e-08
6.51194e-08
7.74455e-08
5.04714e-08
1.07195e-07
9.68534e-08
6.41232e-08
4.95179e-08
3.96492e-08
4.7165e-08
5.11691e-08
7.60269e-08
5.6243e-08
5.44328e-08
5.3394e-08
6.19332e-08
4.63665e-08
6.42434e-08
6.25379e-08
6.84335e-08
5.19482e-08
6.07471e-08
6.56814e-08
5.71112e-08
4.47192e-08
6.44914e-08
6.82009e-08
4.77813e-08
7.55268e-08
5.45336e-08
4.39556e-08
6.26037e-08
5.07388e-08
6.08478e-08
4.46494e-08
5.45801e-08
5.75996e-08
5.87896e-08
5.13009e-08
6.10804e-08
5.19056e-08
8.39691e-08
7.0953e-08
7.22747e-08
6.89102e-08
7.84184e-08
4.55603e-08
6.62163e-08
5.83826e-08
6.80149e-08
6.55109e-08
6.21967e-08
5.66306e-08
6.82048e-08
8.02557e-08
7.61354e-08
7.52129e-08
5.5522e-08
8.11977e-08
6.59411e-08
5.72198e-08
6.99801e-08
6.71001e-08
5.71577e-08
7.42516e-08
8.6132e-08
6.79916e-08
4.8293e-08
9.5834e-08
4.84945e-08
6.81932e-08
7.91549e-08
6.33673e-08
7.08755e-08
4.99907e-08
5.17699e-08
7.50462e-08
6.30921e-08
6.07393e-08
7.21662e-08
6.79567e-08
6.42589e-08
5.16924e-08
5.91695e-08
5.3925e-08
4.72426e-08
5.55065e-08
4.29206e-08
6.81699e-08
1.06338e-07
7.49803e-08
4.50021e-08
5.49871e-08
6.36464e-08
6.30379e-08
8.27636e-08
5.35335e-08
5.88594e-08
5.80764e-08
5.08551e-08
5.39832e-08
6.63675e-08
6.35689e-08
6.10688e-08
5.07621e-08
4.87853e-08
5.34754e-08
9.54735e-08
8.42288e-08
4.10097e-08
7.39492e-08
6.12587e-08
5.3487e-08
5.40142e-08
5.4584e-08
5.18823e-08
6.0685e-08
5.22389e-08
6.25572e-08
3.88546e-08
5.94679e-08
7.76548e-08
5.35374e-08
5.9778e-08
6.55457e-08
5.63515e-08
4.93628e-08
8.4097e-08
7.47439e-08
6.53132e-08
4.46998e-08
6.4848e-08
5.38243e-08
8.35233e-08
6.1875e-08
6.95576e-08
6.80071e-08
4.72077e-08
6.45728e-08
6.56e-08
3.97189e-08
5.95067e-08
6.40224e-08
7.59842e-08
7.18212e-08
9.18532e-08
4.71224e-08
4.59402e-08
4.03352e-08
6.87978e-08
5.44638e-08
7.16003e-08
7.80037e-08
7.10344e-08
4.87543e-08
8.47366e-08
7.75386e-08
5.61577e-08
7.88526e-08
8.8605e-08
6.13905e-08
5.92431e-08
7.27515e-08
7.75076e-08
4.38897e-08
7.36508e-08
6.22045e-08
7.41314e-08
6.76815e-08
6.37317e-08
6.12548e-08
4.81186e-08
5.34328e-08
5.66771e-08
6.41697e-08
8.59808e-08
5.1956e-08
8.15077e-08
7.00227e-08
7.36004e-08
5.66577e-08
4.54285e-08
5.22544e-08
6.77513e-08
6.59954e-08
5.17621e-08
6.36348e-08
7.21778e-08
8.67832e-08
4.55719e-08
8.04147e-08
7.16042e-08
4.87698e-08
4.8607e-08
4.48432e-08
6.86467e-08
3.75948e-08
5.51034e-08
7.48873e-08
4.33935e-08
8.06434e-08
7.89805e-08
6.39526e-08
7.34841e-08
6.53519e-08
6.69334e-08
5.72895e-08
5.496e-08
5.41925e-08
6.3127e-08
5.06497e-08
5.83671e-08
7.81626e-08
7.06855e-08
8.07325e-08
8.26667e-08
5.9999e-08
6.60109e-08
6.10262e-08
7.01816e-08
6.11037e-08
6.19564e-08
7.62323e-08
4.62774e-08
7.40151e-08
5.52197e-08
7.09724e-08
4.50797e-08
5.13668e-08
7.17437e-08
8.31241e-08
8.07596e-08
5.01264e-08
6.62357e-08
7.07398e-08
4.33199e-08
4.32734e-08
5.04791e-08
6.15649e-08
7.85309e-08
1.03807e-07
6.12703e-08
6.30185e-08
5.13009e-08
5.30994e-08
5.57585e-08
6.15611e-08
6.25185e-08
6.81234e-08
5.44832e-08
4.94636e-08
9.44773e-08
6.46891e-08
7.67866e-08
5.74678e-08
6.78831e-08
6.78753e-08
6.30262e-08
4.85488e-08
6.48829e-08
6.83637e-08
6.42162e-08
5.85067e-08
5.78167e-08
7.27515e-08
6.44759e-08
7.77905e-08
7.99883e-08
6.29914e-08
7.71509e-08
5.93206e-08
3.47109e-08
4.94636e-08
6.89839e-08
4.00988e-08
