9.03996e-08
1.11804e-07
8.48025e-08
5.3863e-08
1.222e-07
1.21362e-07
1.10978e-07
8.87406e-08
8.3752e-08
1.35103e-07
1.09052e-07
7.55617e-08
6.22859e-08
8.69537e-08
9.10741e-08
9.80357e-08
6.51077e-08
9.07679e-08
9.59503e-08
1.79063e-07
7.40849e-08
7.77711e-08
7.02126e-08
1.13416e-07
1.28084e-07
9.86713e-08
8.50118e-08
1.12563e-07
1.44728e-07
8.30815e-08
1.0354e-07
7.97673e-08
1.22397e-07
8.48994e-08
7.91627e-08
1.56e-07
9.99621e-08
9.52875e-08
7.22166e-08
8.02945e-08
9.76791e-08
1.33805e-07
9.14268e-08
7.45384e-08
8.21241e-08
8.51978e-08
8.24225e-08
5.72624e-08
9.00469e-08
8.538e-08
6.222e-08
6.66078e-08
7.5554e-08
7.18522e-08
8.37327e-08
6.76389e-08
1.1732e-07
6.87823e-08
7.99883e-08
8.35505e-08
6.09564e-08
6.7697e-08
6.56426e-08
1.14881e-07
8.50777e-08
8.63374e-08
1.63419e-07
1.01637e-07
8.86089e-08
1.69927e-07
9.10392e-08
1.19684e-07
4.89907e-08
7.36624e-08
6.40767e-08
8.33644e-08
8.18217e-08
8.55157e-08
6.61194e-08
8.45699e-08
7.55346e-08
1.03257e-07
9.60704e-08
1.10133e-07
6.24526e-08
1.09548e-07
1.03827e-07
1.01509e-07
1.25413e-07
8.35388e-08
8.90585e-08
8.13101e-08
9.82372e-08
1.31878e-07
7.37593e-08
8.98415e-08
1.07792e-07
8.0403e-08
9.07446e-08
7.17592e-08
9.10547e-08
8.28024e-08
8.68297e-08
8.67405e-08
9.502e-08
9.78225e-08
6.56233e-08
1.1787e-07
7.61121e-08
6.36232e-08
1.62527e-07
7.83293e-08
7.16584e-08
1.00633e-07
9.13997e-08
7.5209e-08
6.88288e-08
6.87668e-08
9.88535e-08
8.93143e-08
7.4833e-08
6.41736e-08
9.98574e-08
6.17239e-08
1.243e-07
8.76166e-08
9.28571e-08
6.12122e-08
6.61039e-08
5.82896e-08
1.17471e-07
1.39313e-07
1.12757e-07
1.1116e-07
1.24545e-07
6.96506e-08
6.73598e-08
8.11279e-08
7.61742e-08
6.10417e-08
8.57211e-08
1.20455e-07
7.60462e-08
6.49876e-08
1.00098e-07
1.00075e-07
1.40355e-07
8.19961e-08
7.3612e-08
5.29676e-08
6.89684e-08
6.391e-08
9.93807e-08
6.26115e-08
6.3158e-08
6.88947e-08
7.47128e-08
9.62294e-08
8.86089e-08
7.00188e-08
9.04423e-08
7.30771e-08
1.04974e-07
9.83884e-08
7.70889e-08
6.3503e-08
1.004e-07
8.70003e-08
7.63641e-08
7.73913e-08
7.04336e-08
5.43553e-08
1.55306e-07
7.09917e-08
8.94887e-08
5.53902e-08
6.17122e-08
1.11831e-07
6.34526e-08
6.70303e-08
6.56233e-08
6.88637e-08
2.122e-07
8.97329e-08
8.07093e-08
7.50036e-08
9.25354e-08
9.27331e-08
7.94224e-08
8.24807e-08
1.0154e-07
1.1599e-07
4.79209e-08
9.39347e-08
9.47991e-08
1.17025e-07
1.64143e-07
8.53723e-08
9.06438e-08
7.81704e-08
9.96985e-08
9.51906e-08
8.82329e-08
1.01447e-07
8.17054e-08
8.66902e-08
1.04974e-07
1.33549e-07
9.61751e-08
7.15964e-08
8.49033e-08
8.71204e-08
1.02361e-07
1.07284e-07
7.82324e-08
1.38134e-07
1.01796e-07
6.69954e-08
6.72978e-08
1.00509e-07
1.06761e-07
9.61635e-08
8.12132e-08
7.89921e-08
5.87586e-08
7.97325e-08
5.22312e-08
1.23021e-07
1.31665e-07
9.76752e-08
1.18172e-07
9.87954e-08
8.78995e-08
6.34449e-08
1.34906e-07
6.81118e-08
8.2752e-08
5.72779e-08
6.84606e-08
9.13105e-08
9.19695e-08
1.05614e-07
6.89529e-08
6.13944e-08
8.35272e-08
7.51121e-08
8.66553e-08
7.56586e-08
8.83763e-08
1.33851e-07
6.87862e-08
1.19831e-07
1.15285e-07
7.55385e-08
1.04745e-07
1.01261e-07
1.22645e-07
1.99401e-07
1.04288e-07
9.03841e-08
6.78055e-08
8.84306e-08
8.71863e-08
8.06124e-08
8.72987e-08
8.70933e-08
7.21158e-08
1.07711e-07
8.81127e-08
9.05702e-08
9.94427e-08
6.83598e-08
1.15963e-07
1.02679e-07
1.10749e-07
1.15265e-07
8.28683e-08
1.40945e-07
1.07645e-07
9.85318e-08
8.13837e-08
9.93225e-08
8.24807e-08
9.7931e-08
8.00387e-08
8.33102e-08
5.59329e-08
7.97015e-08
6.75303e-08
7.57633e-08
8.61397e-08
8.32132e-08
4.95179e-08
9.74038e-08
6.09254e-08
9.71713e-08
1.02416e-07
9.08299e-08
9.28106e-08
1.47042e-07
5.14443e-08
5.13513e-08
6.9418e-08
1.05048e-07
5.63593e-08
9.62643e-08
7.43562e-08
8.50195e-08
7.3864e-08
9.78031e-08
8.41668e-08
8.2e-08
8.19613e-08
5.72663e-08
1.25471e-07
1.26704e-07
6.66194e-08
1.26308e-07
7.26275e-08
7.02902e-08
7.83526e-08
5.66267e-08
1.61267e-07
7.47477e-08
1.22986e-07
5.92819e-08
1.01923e-07
1.08738e-07
6.52318e-08
1.05896e-07
9.114e-08
1.09017e-07
7.85774e-08
1.00447e-07
1.04435e-07
5.42623e-08
1.51968e-07
6.92513e-08
8.50157e-08
9.5303e-08
1.55628e-07
1.18839e-07
5.68128e-08
9.41789e-08
1.02113e-07
1.32886e-07
8.89616e-08
1.04989e-07
6.55612e-08
7.70075e-08
9.96249e-08
6.97087e-08
8.19109e-08
9.73845e-08
8.75119e-08
8.58723e-08
1.03055e-07
8.66126e-08
9.17447e-08
9.73302e-08
6.60884e-08
8.08604e-08
6.26541e-08
9.15819e-08
1.0354e-07
6.45883e-08
1.25138e-07
6.21464e-08
1.09536e-07
1.08618e-07
8.66553e-08
6.74451e-08
5.80997e-08
1.13226e-07
8.21279e-08
6.18518e-08
8.95081e-08
7.61044e-08
7.64998e-08
7.97557e-08
5.22815e-08
7.7368e-08
7.8306e-08
4.60836e-08
8.13372e-08
1.0442e-07
1.2925e-07
9.29734e-08
8.22054e-08
8.27985e-08
7.46314e-08
9.67759e-08
8.67289e-08
1.1016e-07
1.18281e-07
7.24957e-08
1.30378e-07
7.27825e-08
9.85241e-08
6.42279e-08
6.03013e-08
9.80008e-08
1.0216e-07
6.8197e-08
8.57521e-08
5.44755e-08
9.91714e-08
1.04951e-07
1.02392e-07
1.22378e-07
1.32332e-07
1.79136e-07
1.10315e-07
9.20121e-08
6.88056e-08
6.48325e-08
5.60104e-08
1.00916e-07
7.21817e-08
9.68341e-08
9.30005e-08
7.41973e-08
9.28184e-08
4.58471e-08
6.34604e-08
9.49037e-08
7.91821e-08
8.77057e-08
9.60123e-08
5.99602e-08
5.20335e-08
7.0546e-08
8.29807e-08
8.72716e-08
8.35699e-08
9.95047e-08
1.06195e-07
8.86592e-08
1.2451e-07
7.32438e-08
1.42623e-07
5.70492e-08
6.94335e-08
9.06826e-08
1.07117e-07
1.04024e-07
1.03955e-07
9.80279e-08
1.20444e-07
9.43688e-08
1.42139e-07
7.30577e-08
8.56358e-08
7.98255e-08
9.61751e-08
1.11773e-07
6.93986e-08
9.13299e-08
1.06606e-07
1.48937e-07
6.54217e-08
5.20451e-08
8.06124e-08
1.02819e-07
7.23949e-08
8.42172e-08
1.06195e-07
8.51552e-08
1.2994e-07
4.68472e-08
7.05809e-08
1.28851e-07
9.01903e-08
7.81277e-08
6.50457e-08
6.96661e-08
6.40457e-08
9.71713e-08
7.16546e-08
1.03854e-07
5.23164e-08
8.23954e-08
8.94926e-08
1.29413e-07
6.14487e-08
1.02451e-07
9.8307e-08
9.9714e-08
9.21788e-08
6.66001e-08
9.0826e-08
4.99675e-08
8.12674e-08
1.18785e-07
8.64188e-08
1.12153e-07
1.02497e-07
6.97165e-08
9.34385e-08
9.28571e-08
9.28804e-08
1.20176e-07
1.16587e-07
6.96467e-08
7.44493e-08
1.07804e-07
7.12398e-08
9.23804e-08
8.70506e-08
8.91438e-08
8.57172e-08
8.588e-08
7.79959e-08
6.56039e-08
7.93797e-08
9.57836e-08
8.64382e-08
1.00334e-07
7.01467e-08
7.29957e-08
9.28029e-08
7.63718e-08
1.00098e-07
8.6194e-08
9.49309e-08
1.13753e-07
1.02962e-07
8.22946e-08
9.83341e-08
8.16938e-08
7.60075e-08
8.25582e-08
1.37487e-07
8.86903e-08
1.21909e-07
1.0202e-07
7.2736e-08
1.17913e-07
7.12049e-08
8.25039e-08
1.07412e-07
1.18277e-07
6.08905e-08
1.28894e-07
1.15312e-07
8.58258e-08
1.04958e-07
8.12519e-08
8.16977e-08
1.54302e-07
6.55845e-08
9.25276e-08
5.31886e-08
8.88996e-08
7.54106e-08
6.20611e-08
7.83215e-08
8.67483e-08
7.03754e-08
1.06904e-07
1.1592e-07
6.39565e-08
1.35886e-07
7.92169e-08
6.54527e-08
6.798e-08
1.30243e-07
7.37516e-08
7.69688e-08
7.18096e-08
1.02078e-07
7.31508e-08
1.08366e-07
7.72052e-08
9.48068e-08
7.10499e-08
5.87702e-08
1.43069e-07
7.98177e-08
5.43282e-08
8.28256e-08
1.4367e-07
9.70666e-08
8.77949e-08
1.13626e-07
9.83496e-08
9.13842e-08
7.01002e-08
1.26359e-07
9.31052e-08
9.21284e-08
5.65686e-08
1.47305e-07
1.09982e-07
1.14575e-07
1.0359e-07
6.80342e-08
8.69344e-08
1.14734e-07
8.51513e-08
1.22866e-07
8.83685e-08
7.0891e-08
1.25083e-07
1.25246e-07
6.32821e-08
1.05614e-07
1.02303e-07
5.46189e-08
7.83254e-08
1.02168e-07
1.06594e-07
7.29027e-08
7.80541e-08
8.62793e-08
1.01268e-07
9.32176e-08
1.21409e-07
9.21788e-08
7.81781e-08
1.0678e-07
6.12626e-08
8.38722e-08
1.12901e-07
9.18338e-08
9.64464e-08
8.18876e-08
5.72236e-08
6.6728e-08
1.33177e-07
7.72052e-08
8.38838e-08
7.74378e-08
9.89272e-08
7.96588e-08
8.54382e-08
9.6993e-08
7.77595e-08
9.51557e-08
1.19463e-07
9.23881e-08
9.44735e-08
1.39479e-07
1.24987e-07
1.06544e-07
8.75817e-08
1.21025e-07
8.37055e-08
7.33446e-08
1.03094e-07
7.82401e-08
6.96273e-08
1.02447e-07
9.13415e-08
8.59304e-08
1.25138e-07
8.30156e-08
1.33464e-07
1.16037e-07
8.88298e-08
7.20034e-08
7.54377e-08
7.5395e-08
7.31004e-08
8.75468e-08
7.64571e-08
1.34285e-07
1.2113e-07
5.94951e-08
8.44381e-08
7.08251e-08
6.37472e-08
6.41542e-08
5.37894e-08
1.18254e-07
5.7588e-08
7.25306e-08
5.53708e-08
8.0686e-08
8.85313e-08
7.97015e-08
5.42739e-08
1.09625e-07
9.27757e-08
7.83874e-08
6.5414e-08
7.00033e-08
7.84998e-08
1.27801e-07
7.4864e-08
8.15581e-08
7.70889e-08
6.47938e-08
6.8356e-08
9.42448e-08
1.26444e-07
8.5694e-08
7.69765e-08
7.75657e-08
7.02902e-08
1.1099e-07
7.42903e-08
1.06459e-07
8.72406e-08
8.29264e-08
8.11744e-08
1.01001e-07
7.92518e-08
6.15301e-08
7.01235e-08
6.28983e-08
1.12292e-07
4.04477e-08
1.10032e-07
1.03055e-07
6.86544e-08
8.24923e-08
1.4805e-07
9.65588e-08
8.03371e-08
6.25107e-08
1.12711e-07
7.68525e-08
9.40704e-08
8.57444e-08
9.2485e-08
9.73302e-08
7.643e-08
1.07195e-07
8.55777e-08
6.42123e-08
1.09889e-07
7.78758e-08
8.86631e-08
5.84253e-08
6.17587e-08
7.21042e-08
8.59188e-08
9.57255e-08
5.80028e-08
1.04412e-07
6.92669e-08
8.68219e-08
9.06245e-08
1.18893e-07
9.45355e-08
1.12315e-07
6.44372e-08
8.59188e-08
8.72638e-08
5.40413e-08
5.56693e-08
1.04125e-07
7.51702e-08
6.52434e-08
8.36513e-08
9.09462e-08
8.09069e-08
1.07947e-07
8.16705e-08
1.06148e-07
9.17524e-08
1.11974e-07
8.88453e-08
1.08125e-07
7.67633e-08
1.32572e-07
9.37486e-08
7.75851e-08
6.92048e-08
6.21425e-08
1.21141e-07
1.39526e-07
7.37864e-08
7.00692e-08
1.01788e-07
8.04457e-08
9.30781e-08
1.33336e-07
1.18599e-07
8.65467e-08
1.15033e-07
1.39693e-07
7.90115e-08
8.52056e-08
9.00973e-08
7.16158e-08
7.94805e-08
8.68491e-08
1.41697e-07
9.29308e-08
6.19293e-08
7.28911e-08
1.03268e-07
1.32615e-07
5.78787e-08
7.59106e-08
1.32239e-07
9.51789e-08
8.80546e-08
7.97751e-08
1.04586e-07
7.17631e-08
7.88293e-08
6.92475e-08
1.65454e-07
1.13067e-07
6.65419e-08
1.02571e-07
9.92683e-08
7.61509e-08
7.55075e-08
9.64852e-08
7.6744e-08
1.02164e-07
1.34154e-07
9.01477e-08
5.46344e-08
7.80502e-08
1.0142e-07
9.21362e-08
1.02005e-07
1.25603e-07
9.45549e-08
7.64998e-08
7.20267e-08
8.5194e-08
8.10891e-08
9.16439e-08
1.06307e-07
8.09069e-08
7.83099e-08
1.29746e-07
6.2627e-08
1.59663e-07
1.18665e-07
6.50147e-08
7.91472e-08
1.05315e-07
6.79451e-08
8.16473e-08
7.3112e-08
7.05072e-08
6.15727e-08
6.31774e-08
1.08369e-07
1.34592e-07
7.7682e-08
1.13909e-07
8.92174e-08
9.19734e-08
8.96167e-08
1.15668e-07
9.76287e-08
1.02579e-07
1.02296e-07
8.1e-08
7.76083e-08
1.02954e-07
1.3239e-07
9.47603e-08
7.95232e-08
9.65085e-08
8.63568e-08
8.18837e-08
7.22631e-08
9.45898e-08
1.39662e-07
9.76713e-08
1.0059e-07
7.38717e-08
8.80972e-08
6.81932e-08
6.05261e-08
9.47797e-08
9.29153e-08
6.02703e-08
6.7135e-08
1.16637e-07
5.12815e-08
7.96937e-08
9.7024e-08
9.27292e-08
6.60729e-08
1.36623e-07
5.56616e-08
1.01148e-07
7.30461e-08
1.0354e-07
1.16362e-07
6.30844e-08
1.09017e-07
1.24165e-07
7.78021e-08
8.6977e-08
1.14816e-07
5.76578e-08
1.06455e-07
9.96249e-08
8.09845e-08
9.25935e-08
7.39299e-08
6.78521e-08
9.75783e-08
1.1944e-07
8.30001e-08
8.0624e-08
6.99297e-08
1.30716e-07
8.37869e-08
8.37598e-08
7.19143e-08
7.43446e-08
6.32394e-08
7.85231e-08
5.6774e-08
9.65899e-08
1.15653e-07
6.71815e-08
6.36426e-08
1.28836e-07
8.22791e-08
9.50471e-08
9.38765e-08
7.39686e-08
8.19419e-08
7.18561e-08
1.00668e-07
8.55041e-08
1.00602e-07
9.26556e-08
1.4584e-07
7.27321e-08
7.49648e-08
7.91007e-08
8.34613e-08
1.24173e-07
7.45229e-08
1.16924e-07
6.74993e-08
7.16972e-08
6.2065e-08
7.13135e-08
5.37196e-08
8.87213e-08
1.35417e-07
6.90149e-08
7.57284e-08
1.00718e-07
1.19261e-07
1.45953e-07
8.93647e-08
1.37948e-07
6.48442e-08
1.05648e-07
6.85885e-08
9.80318e-08
1.08761e-07
1.17475e-07
1.14788e-07
7.9965e-08
1.44433e-07
1.15098e-07
5.25839e-08
8.24807e-08
7.58175e-08
8.07519e-08
8.13139e-08
6.93405e-08
8.37094e-08
8.19806e-08
6.8197e-08
7.02824e-08
5.18552e-08
1.28537e-07
7.32167e-08
8.21241e-08
1.22083e-07
8.17985e-08
9.83574e-08
1.00516e-07
9.85047e-08
1.1604e-07
7.455e-08
8.3473e-08
1.32599e-07
9.87372e-08
9.02562e-08
9.50316e-08
7.55501e-08
7.42128e-08
5.88051e-08
6.70574e-08
6.40457e-08
5.9685e-08
8.50932e-08
1.05009e-07
1.03753e-07
1.02408e-07
6.19099e-08
