1.47402e-07
8.64266e-08
1.11486e-07
1.2608e-07
1.42619e-07
5.65725e-08
1.57752e-07
8.22481e-08
1.13688e-07
9.02252e-08
6.67784e-08
1.19048e-07
1.39158e-07
1.16517e-07
7.40151e-08
9.20392e-08
1.3115e-07
9.42642e-08
7.59881e-08
1.2908e-07
7.08948e-08
7.04723e-08
1.45313e-07
1.00594e-07
1.098e-07
1.07885e-07
1.1085e-07
1.7126e-07
1.0083e-07
1.238e-07
1.12017e-07
8.73414e-08
9.08183e-08
7.81665e-08
6.91273e-08
9.283e-08
1.83745e-07
1.4139e-07
1.66337e-07
1.27452e-07
1.15013e-07
7.81471e-08
2.14499e-07
1.16459e-07
8.68956e-08
1.08292e-07
1.28839e-07
8.1155e-08
1.29855e-07
8.86941e-08
8.63491e-08
1.37654e-07
7.8744e-08
1.7371e-07
1.36755e-07
7.12941e-08
8.20853e-08
1.04226e-07
1.06517e-07
7.8934e-08
8.75468e-08
8.58607e-08
1.40014e-07
1.12703e-07
1.16971e-07
1.22766e-07
1.03854e-07
7.71354e-08
9.909e-08
1.22223e-07
1.08796e-07
1.19785e-07
1.47829e-07
8.58452e-08
1.2382e-07
8.17597e-08
1.5012e-07
1.31088e-07
9.4268e-08
1.3853e-07
7.86665e-08
5.64329e-08
6.47473e-08
6.06424e-08
1.05001e-07
1.21734e-07
1.72853e-07
8.21628e-08
8.21628e-08
1.09715e-07
1.15517e-07
1.46922e-07
1.09056e-07
6.44604e-08
1.02547e-07
1.15145e-07
1.20463e-07
1.28894e-07
1.53027e-07
1.29045e-07
7.30771e-08
8.95701e-08
7.6337e-08
1.03051e-07
1.31657e-07
1.29026e-07
8.93725e-08
9.37331e-08
1.37131e-07
1.07307e-07
1.09804e-07
1.0571e-07
1.26285e-07
8.73607e-08
1.31518e-07
1.01346e-07
1.18071e-07
1.27646e-07
1.08416e-07
7.45811e-08
9.05469e-08
8.89112e-08
1.39166e-07
7.59687e-08
1.58527e-07
1.47926e-07
1.23099e-07
9.03648e-08
1.01796e-07
1.50837e-07
8.59963e-08
8.18217e-08
1.52453e-07
1.09199e-07
9.09811e-08
1.32549e-07
1.12071e-07
6.19332e-08
1.14792e-07
9.47758e-08
1.29099e-07
9.7869e-08
1.04117e-07
1.01966e-07
8.8981e-08
2.10324e-07
5.89098e-08
1.24808e-07
6.00222e-08
8.95353e-08
1.63961e-07
6.61039e-08
1.07304e-07
2.12223e-07
8.49265e-08
8.89306e-08
9.07601e-08
1.43391e-07
1.13583e-07
1.43821e-07
1.42104e-07
7.94495e-08
1.04493e-07
2.04037e-07
8.54149e-08
1.74884e-07
1.2982e-07
1.04904e-07
8.19768e-08
8.34923e-08
1.15285e-07
1.6931e-07
1.77799e-07
9.43882e-08
7.93216e-08
8.24264e-08
1.47592e-07
1.08156e-07
7.18639e-08
1.23599e-07
1.30297e-07
8.04379e-08
1.74861e-07
1.58271e-07
7.017e-08
1.52468e-07
1.23797e-07
6.53054e-08
1.00772e-07
8.56591e-08
1.57442e-07
9.25199e-08
9.11865e-08
9.68728e-08
8.68646e-08
8.93647e-08
9.0512e-08
8.85158e-08
8.8229e-08
1.21068e-07
8.08876e-08
1.25192e-07
7.58059e-08
1.01974e-07
1.15393e-07
1.03931e-07
9.84543e-08
6.83753e-08
5.67042e-08
9.84388e-08
1.19056e-07
8.42792e-08
1.36224e-07
6.99607e-08
1.19513e-07
7.02708e-08
1.10474e-07
1.64353e-07
7.11778e-08
1.14323e-07
8.26357e-08
1.65888e-07
1.11587e-07
1.69838e-07
7.57749e-08
9.84543e-08
8.18256e-08
9.08958e-08
7.38756e-08
1.35406e-07
1.18219e-07
9.44308e-08
1.73539e-07
1.0064e-07
8.95314e-08
9.56169e-08
9.48456e-08
9.54154e-08
1.20998e-07
1.04369e-07
7.66199e-08
8.05116e-08
1.59182e-07
1.28037e-07
1.04629e-07
1.42371e-07
1.24766e-07
1.54244e-07
4.47618e-08
1.49282e-07
1.04137e-07
6.71427e-08
1.30591e-07
7.54299e-08
8.67173e-08
1.36328e-07
7.13949e-08
1.40092e-07
1.30743e-07
1.0728e-07
1.46581e-07
1.25459e-07
8.98298e-08
1.43251e-07
9.36401e-08
9.78884e-08
1.21517e-07
1.07544e-07
9.39347e-08
1.24591e-07
1.13835e-07
1.00249e-07
8.76321e-08
1.27084e-07
7.45268e-08
1.10261e-07
9.79194e-08
1.08714e-07
1.69303e-07
1.11501e-07
7.94379e-08
6.18712e-08
1.83892e-07
8.23024e-08
7.53795e-08
1.20417e-07
7.68874e-08
1.1742e-07
1.02358e-07
8.7039e-08
1.12525e-07
1.02206e-07
1.16614e-07
1.00369e-07
8.83724e-08
1.03067e-07
1.48774e-07
6.85226e-08
8.69266e-08
6.59644e-08
9.59968e-08
1.19432e-07
1.00699e-07
1.04819e-07
8.7291e-08
1.37557e-07
1.06238e-07
1.91397e-07
1.29731e-07
1.15366e-07
1.16079e-07
1.32878e-07
1.287e-07
2.23011e-07
1.2249e-07
8.98686e-08
1.25932e-07
7.03793e-08
1.13447e-07
1.17676e-07
1.10269e-07
1.53856e-07
1.35111e-07
8.59925e-08
1.02319e-07
1.2794e-07
8.97911e-08
1.07114e-07
9.16051e-08
8.87523e-08
1.14443e-07
9.47177e-08
1.03121e-07
1.08067e-07
9.33843e-08
1.33022e-07
6.54488e-08
7.75192e-08
1.1354e-07
1.09339e-07
1.21556e-07
1.73787e-07
1.27708e-07
8.54769e-08
1.0599e-07
1.01187e-07
5.96889e-08
7.28097e-08
9.45587e-08
2.10719e-07
9.11749e-08
1.30801e-07
1.54046e-07
1.0333e-07
1.26413e-07
1.43015e-07
9.70666e-08
1.06098e-07
1.53961e-07
7.98255e-08
1.35483e-07
7.06506e-08
1.30196e-07
1.19552e-07
6.74296e-08
8.38334e-08
1.73342e-07
1.20688e-07
8.538e-08
9.05857e-08
8.62211e-08
4.91884e-08
1.23258e-07
8.84693e-08
5.19211e-08
1.48534e-07
1.11339e-07
1.11889e-07
1.38262e-07
1.05024e-07
1.61721e-07
1.80563e-07
1.07238e-07
1.10397e-07
1.04408e-07
7.20112e-08
7.69998e-08
8.51862e-08
8.76863e-08
1.49585e-07
7.38872e-08
1.93629e-07
9.9152e-08
1.21145e-07
9.64426e-08
1.31417e-07
1.07125e-07
1.2201e-07
5.91346e-08
1.15951e-07
1.89528e-07
1.89676e-07
1.91393e-07
1.06222e-07
1.1506e-07
1.10362e-07
1.77191e-07
1.07129e-07
1.51271e-07
8.68297e-08
8.77173e-08
1.09292e-07
9.10276e-08
1.04679e-07
8.51785e-08
1.05517e-07
8.82406e-08
1.23731e-07
9.72566e-08
1.22777e-07
6.2941e-08
1.39631e-07
7.80076e-08
1.20087e-07
8.30815e-08
1.30653e-07
1.91036e-07
1.14688e-07
1.05517e-07
7.70347e-08
1.37863e-07
1.22331e-07
8.16202e-08
1.0173e-07
1.31913e-07
1.06435e-07
9.64309e-08
1.11156e-07
9.04306e-08
1.75659e-07
1.09141e-07
8.72522e-08
8.08604e-08
9.42874e-08
1.73927e-07
8.41474e-08
1.30843e-07
9.84543e-08
1.15428e-07
8.34807e-08
1.42763e-07
1.69287e-07
1.3929e-07
1.29576e-07
1.11428e-07
7.34221e-08
9.94737e-08
1.20362e-07
1.2768e-07
1.61783e-07
9.98264e-08
8.08449e-08
8.37985e-08
1.24611e-07
1.30374e-07
1.14308e-07
8.96942e-08
1.09273e-07
8.65545e-08
7.99418e-08
8.78879e-08
8.86941e-08
9.58418e-08
1.47053e-07
6.00804e-08
1.29777e-07
1.05772e-07
1.44662e-07
9.56518e-08
1.37561e-07
9.82411e-08
1.46344e-07
1.34944e-07
9.67565e-08
1.03955e-07
9.09307e-08
8.15775e-08
1.44697e-07
1.24393e-07
7.08677e-08
1.89207e-07
8.57134e-08
1.28328e-07
7.58447e-08
1.55717e-07
6.65923e-08
8.49536e-08
1.28754e-07
1.2408e-07
9.86055e-08
1.38801e-07
8.87833e-08
7.59067e-08
9.28881e-08
8.53258e-08
1.88629e-07
1.63054e-07
1.06699e-07
1.29398e-07
9.84698e-08
5.70725e-08
1.21052e-07
5.65763e-08
1.00927e-07
6.95382e-08
9.82682e-08
1.40107e-07
9.31556e-08
9.95939e-08
1.2708e-07
1.26208e-07
1.00443e-07
7.25344e-08
1.20913e-07
1.01668e-07
1.00253e-07
1.48712e-07
1.29235e-07
8.03178e-08
1.18552e-07
1.2025e-07
1.20762e-07
8.36861e-08
1.0547e-07
8.37443e-08
6.57628e-08
9.57487e-08
1.44953e-07
1.70225e-07
1.37572e-07
9.89504e-08
1.10796e-07
1.22107e-07
6.59799e-08
1.63632e-07
6.79412e-08
1.21552e-07
1.1585e-07
1.31235e-07
7.19918e-08
1.01392e-07
1.6143e-07
9.08764e-08
6.52201e-08
1.07242e-07
1.34216e-07
8.7946e-08
7.25228e-08
7.72595e-08
1.24583e-07
1.05559e-07
7.29763e-08
1.07986e-07
1.81443e-07
1.1097e-07
8.15581e-08
8.33683e-08
6.27665e-08
7.71587e-08
1.30266e-07
1.07214e-07
1.29882e-07
1.45119e-07
6.97359e-08
9.24889e-08
8.4066e-08
8.80662e-08
1.06955e-07
1.05749e-07
7.40578e-08
6.64256e-08
1.62419e-07
1.81516e-07
1.14141e-07
9.71209e-08
1.13374e-07
6.94141e-08
1.41449e-07
9.95396e-08
6.87746e-08
8.61165e-08
1.08447e-07
9.63146e-08
1.08997e-07
8.14922e-08
6.50496e-08
1.07265e-07
7.44183e-08
1.95831e-07
1.09486e-07
8.00503e-08
1.99494e-07
9.53766e-08
1.59128e-07
1.19397e-07
9.62681e-08
1.44515e-07
1.01264e-07
1.10625e-07
9.09035e-08
1.22572e-07
1.33557e-07
1.04284e-07
1.28669e-07
8.00309e-08
1.43294e-07
1.19343e-07
5.61189e-08
1.06916e-07
1.07331e-07
1.68062e-07
9.95396e-08
1.02451e-07
7.54028e-08
1.00691e-07
1.1306e-07
1.12777e-07
1.28398e-07
1.15358e-07
8.7729e-08
1.24169e-07
1.28932e-07
1.85265e-07
1.08548e-07
7.16158e-08
9.59193e-08
1.08904e-07
1.03501e-07
1.5593e-07
1.51197e-07
1.02687e-07
1.07583e-07
9.72488e-08
9.99311e-08
8.91244e-08
1.07021e-07
1.08873e-07
1.13315e-07
1.43615e-07
9.9559e-08
6.80342e-08
2.04595e-07
1.54298e-07
8.41707e-08
1.32014e-07
8.65545e-08
1.06129e-07
1.60981e-07
8.90895e-08
1.42642e-07
1.13219e-07
1.23762e-07
1.00652e-07
9.62798e-08
8.81708e-08
1.70694e-07
9.95396e-08
1.5191e-07
6.51969e-08
1.10711e-07
8.76243e-08
1.21975e-07
8.34032e-08
1.28049e-07
2.08618e-07
7.00692e-08
1.13129e-07
7.42283e-08
7.57633e-08
1.11087e-07
8.53723e-08
6.47783e-08
1.28087e-07
8.38838e-08
1.04385e-07
1.49302e-07
1.07408e-07
6.73869e-08
1.12967e-07
1.08563e-07
1.08796e-07
7.2422e-08
1.32235e-07
1.03986e-07
7.49222e-08
9.12369e-08
1.06366e-07
6.36813e-08
5.92664e-08
9.69465e-08
1.05048e-07
1.24207e-07
5.89679e-08
9.6272e-08
9.06206e-08
8.63956e-08
1.22975e-07
1.07935e-07
4.85837e-08
1.02323e-07
9.57177e-08
1.12459e-07
9.66906e-08
1.10284e-07
1.56038e-07
7.57439e-08
1.34801e-07
1.32212e-07
1.1099e-07
9.04268e-08
1.02958e-07
1.12207e-07
8.41784e-08
9.45626e-08
8.4566e-08
1.20529e-07
8.38179e-08
9.81132e-08
9.57642e-08
1.759e-07
1.5993e-07
1.03811e-07
1.1254e-07
1.46057e-07
7.58331e-08
1.24816e-07
1.21959e-07
9.45471e-08
1.21858e-07
1.15804e-07
1.15327e-07
1.04028e-07
7.8558e-08
1.34278e-07
1.61116e-07
8.7915e-08
9.39424e-08
1.24157e-07
5.50995e-08
1.57294e-07
1.74206e-07
9.9028e-08
1.19979e-07
6.8949e-08
8.65622e-08
1.80904e-07
9.39192e-08
1.01493e-07
9.48223e-08
8.67289e-08
7.60579e-08
7.16623e-08
1.07676e-07
9.97993e-08
8.37985e-08
1.41045e-07
8.18023e-08
1.08745e-07
8.80817e-08
1.34774e-07
2.14681e-07
9.71945e-08
8.21551e-08
1.08044e-07
1.03493e-07
1.04528e-07
8.72483e-08
9.74659e-08
1.312e-07
1.02555e-07
1.12377e-07
1.45825e-07
1.02679e-07
1.07846e-07
1.61566e-07
1.2351e-07
7.26817e-08
1.17839e-07
1.19951e-07
8.78414e-08
7.57362e-08
1.46476e-07
1.16149e-07
1.0616e-07
9.98885e-08
1.13688e-07
8.93066e-08
2.0987e-07
7.15538e-08
1.01036e-07
1.15622e-07
1.43073e-07
7.33407e-08
8.68142e-08
8.61242e-08
1.0123e-07
6.04176e-08
1.35119e-07
1.69206e-07
1.29917e-07
1.07889e-07
8.92639e-08
5.27002e-08
1.16835e-07
1.31696e-07
1.03234e-07
8.98027e-08
8.7101e-08
9.10004e-08
7.97208e-08
1.00722e-07
9.82566e-08
1.47898e-07
7.18833e-08
1.019e-07
1.40026e-07
8.94422e-08
1.01175e-07
1.48418e-07
1.20692e-07
9.96133e-08
4.94326e-08
7.46198e-08
8.92949e-08
1.36317e-07
1.212e-07
1.46046e-07
7.34066e-08
9.63922e-08
1.04144e-07
9.54386e-08
1.25828e-07
9.05469e-08
1.04121e-07
1.36545e-07
8.38334e-08
1.20312e-07
9.47177e-08
7.0732e-08
1.05466e-07
1.00249e-07
1.12505e-07
4.28276e-08
1.37425e-07
1.03834e-07
1.6538e-07
1.7871e-07
1.24552e-07
1.87497e-07
1.03059e-07
1.35786e-07
1.07521e-07
1.33254e-07
1.47778e-07
1.28293e-07
9.64813e-08
1.41623e-07
8.03526e-08
1.15653e-07
7.48989e-08
9.46673e-08
1.28448e-07
1.89211e-07
1.4398e-07
1.14843e-07
1.08366e-07
8.79809e-08
1.46755e-07
8.10852e-08
1.21013e-07
9.06245e-08
1.00768e-07
1.58213e-07
1.13009e-07
5.12505e-08
7.43872e-08
1.42654e-07
1.19765e-07
1.06935e-07
1.25983e-07
1.16692e-07
9.4113e-08
1.19758e-07
6.94141e-08
1.31309e-07
7.73292e-08
8.05658e-08
1.28161e-07
5.38165e-08
8.9198e-08
6.45341e-08
8.91631e-08
1.04838e-07
1.46542e-07
9.51867e-08
1.01594e-07
9.18106e-08
6.87087e-08
1.14362e-07
1.02214e-07
1.23707e-07
8.6008e-08
9.34851e-08
1.01699e-07
1.13405e-07
6.33247e-08
1.38266e-07
1.36282e-07
8.79073e-08
1.27936e-07
1.50887e-07
1.36855e-07
1.14447e-07
2.23433e-07
1.65395e-07
6.54837e-08
1.45995e-07
1.31072e-07
1.05141e-07
1.41142e-07
4.79868e-08
6.59799e-08
5.11807e-08
1.17909e-07
1.09571e-07
1.59407e-07
1.02385e-07
9.76054e-08
1.05904e-07
8.00929e-08
6.62318e-08
1.74171e-07
8.31977e-08
1.07664e-07
1.88013e-07
9.47099e-08
1.08668e-07
7.1108e-08
7.85037e-08
9.02097e-08
9.94427e-08
9.59968e-08
7.00421e-08
1.3603e-07
7.88681e-08
1.53534e-07
1.29863e-07
1.33836e-07
1.0654e-07
1.0716e-07
1.10579e-07
6.55806e-08
9.17253e-08
8.99578e-08
1.77954e-07
7.67207e-08
9.01244e-08
1.08381e-07
1.18258e-07
1.27874e-07
1.46747e-07
1.10633e-07
6.58171e-08
1.01051e-07
1.76865e-07
1.22948e-07
1.3922e-07
1.39592e-07
1.18149e-07
8.25737e-08
1.11858e-07
1.11606e-07
9.05896e-08
7.35849e-08
9.17098e-08
1.46953e-07
1.09792e-07
8.85778e-08
1.04001e-07
1.17661e-07
1.5324e-07
9.89892e-08
9.1578e-08
7.72517e-08
1.4679e-07
1.28715e-07
8.2814e-08
1.24436e-07
1.3363e-07
1.17614e-07
