0.00188272
0.00521
0.00116678
0.00325327
0.00332365
0.00182366
0.00471783
0.000442888
0.00186514
0.00248274
0.00120869
0.00215548
0.0059733
0.000318218
0.00277173
0.000921318
0.00141733
0.00370479
5.05539e-05
0.00242592
0.00232749
0.00154467
-0.00746776
0.00362576
0.000704152
0.00406475
0.0013868
0.000640624
0.000547927
0.00540361
0.00195309
0.00276174
0.00337052
0.00103267
0.00169523
0.00551136
0.000734941
0.00437977
0.00262607
0.00284168
0.00454312
0.00145415
0.00116499
0.00139994
0.00195032
0.00325926
0.00249282
0.00598309
0.0011731
-0.00703676
0.0022595
4.07471e-05
0.00312003
0.00232426
0.000687925
0.00398547
0.00223602
0.000483077
2.34501e-05
0.00567647
0.00634995
0.00460913
0.000464063
0.00373354
0.00382521
0.00516337
0.000329113
0.0075789
0.00334886
0.00217624
0.00379078
0.00144735
0.00109759
0.000412589
0.00014126
0.0003986
0.00147012
0.00338031
0.00106099
0.00200668
0.00122404
0.00765561
0.0010017
0.000769893
0.000293768
0.00024144
0.00658313
0.000217886
0.00123159
0.00243853
0.00123563
0.00069709
7.04036e-05
0.000867522
7.99564e-05
0.00477381
0.000332552
0.00197979
0.00159066
0.00570825
8.33459e-05
-0.00500787
0.00226728
0.0027766
0.00415855
0.00184235
0.00514091
0.00581345
0.00784634
0.00349146
0.0054232
0.00409919
1.20313e-05
0.000910483
0.00385089
0.00398357
0.00231512
0.000435256
0.00155051
0.00158416
0.00113194
0.00570854
0.00351197
0.00496462
0.00439195
0.000200072
-0.00742367
0.000519721
0.000855771
-0.00744344
0.00132771
0.000482643
0.00107705
0.00269907
0.00293766
0.00292767
0.00176109
0.000550746
0.00213106
0.000502819
0.00306367
0.00162279
0.00456992
0.000108297
5.94799e-05
0.00115644
0.00642095
0.000737143
0.0021904
0.000191038
0.00504096
0.00261746
0.000869594
0.00350267
0.00176364
-0.00657028
-0.00666773
0.000726008
0.000662802
0.00479523
0.00422266
0.000918101
0.00701797
0.00132615
0.00228478
0.00136774
-0.00535169
0.00161731
0.00144801
0.00224705
0.000621608
0.00600032
0.000571228
-0.00559383
0.00351728
-0.00755078
0.00666755
0.00327981
7.24612e-05
0.00286973
0.000287027
0.00169177
0.000236649
0.000855672
0.000531567
4.81188e-05
0.00471093
0.00714933
0.00513421
0.00721794
0.000994369
0.00118688
0.00161025
0.00133975
0.00400284
0.00313719
-0.00591868
0.000563034
0.000497858
9.99481e-05
0.0053207
0.00368357
0.000463063
0.00261299
0.000526588
0.00354837
0.00151991
0.00578664
-0.00812111
0.000166572
0.00111994
0.00304071
0.001578
0.00234546
0.000790359
0.0013916
0.00191501
0.000522403
0.0011315
0.000195572
0.00229426
0.0077358
0.00511037
0.00425764
0.0056698
0.000708246
0.00230177
0.00158603
0.000651147
0.0034746
0.00479706
0.000143454
0.00644125
0.000258877
0.000398435
0.000558535
0.00121932
0.00030343
0.00127253
0.00122128
0.00330747
0.0038365
0.00359208
0.00193816
0.00266059
0.00075272
0.00344891
0.00306417
0.00324226
0.00495531
-0.0072943
-0.00447391
0.000225893
0.0060462
0.000123249
0.00527753
0.00244011
0.00243388
0.000699767
0.00276703
0.00188027
0.0021972
0.003707
0.00101005
0.00226621
0.00190736
0.00324953
0.000796166
0.000276425
0.00419322
0.00541979
0.00294329
0.000356521
0.00547223
0.00185542
0.00425598
0.000903098
0.00342529
0.000182387
-0.00590928
2.78557e-05
0.00543681
0.000460596
0.00118888
3.02881e-05
0.000562052
0.000842588
0.00322066
0.00139571
0.000616693
0.00176806
0.000996162
0.00378887
0.00302789
0.00372906
0.0080557
0.000952095
0.000755923
0.00467888
0.00606979
0.00776773
0.0046494
0.000613404
0.000107575
0.00781206
0.00251771
0.00119933
0.00650421
0.0033805
0.00161495
0.00166495
0.00343844
0.00112954
0.000362884
4.98137e-05
0.00242436
0.000676774
2.96594e-05
0.000397155
0.00287055
0.000607882
0.000558396
0.000383858
0.00152043
0.000313725
0.00329512
0.00444659
0.00310347
0.0008429
0.00817627
-0.00633051
0.00179805
0.00426616
0.00208972
0.00184898
0.00126684
0.000555118
0.00690112
0.00295863
0.00657403
0.00258617
6.71604e-05
0.00393751
0.000228831
0.00531117
0.00111419
-0.00811942
0.00428392
0.00112713
0.00314
0.00505691
0.00701027
0.00591258
0.00212286
-0.00678699
0.000273584
0.000495494
0.00414433
0.00138614
0.00110238
0.00128562
0.000587401
0.00071779
0.00251755
0.00188804
0.00133332
0.000593298
0.000148011
0.00197946
0.00105804
0.00392906
0.00533317
0.00115175
-0.00774833
0.000171881
0.000957858
0.00506336
0.00302608
0.00171777
0.000572344
0.000847519
0.00166441
0.00103532
0.00138688
0.00772758
0.00292649
0.00244089
0.00214232
0.00601687
1.45999e-05
0.00534176
0.002808
0.00229334
0.00414074
0.00262256
0.000509147
0.00217906
0.00259524
0.000707372
0.000978091
0.00132843
0.00195824
0.000753957
0.00719067
0.000558166
0.00575348
0.00220536
-0.00570843
0.000427257
0.00246947
0.00198749
0.00549121
0.00305631
0.00714916
0.00121849
0.00301941
0.000289132
0.000400625
0.000748265
4.66926e-05
0.000785754
0.0033931
0.000192197
0.00162264
0.00156483
0.00359719
0.000111532
0.00132136
0.00212706
-0.00294623
0.00141212
0.00382804
0.00400379
-0.000953166
0.00146295
0.00641492
0.00249235
0.00312284
0.00359511
0.00219784
0.000101543
0.00148463
0.000673126
0.00290203
-0.00692807
0.000777781
0.000503115
0.000757532
0.0029742
0.00217709
0.00196318
0.00258619
0.00414777
0.00501889
0.00489984
0.00556484
0.00102506
-0.00783242
0.00224884
0.000834246
0.00367785
0.00155315
0.00283071
0.000455179
0.00239221
0.00326178
0.000417358
0.00129348
0.00144747
0.00403711
0.00101722
0.000416526
0.00773717
0.00167202
0.00645411
0.00390255
0.000731239
0.00500857
0.000858768
0.000147961
0.000467955
0.00479756
0.00161437
0.00373346
0.00760338
0.00202878
0.000274289
0.000689314
0.00137821
0.00616588
0.00215903
0.00357356
0.00238926
0.000839086
-0.00289289
0.000331348
0.00236277
0.00465468
0.000456254
6.2274e-05
0.000548692
0.00416551
0.00118007
0.0047524
0.000752078
0.00117302
-0.00372161
0.000365714
0.00201045
0.000124408
0.000269558
0.0033043
0.00828831
0.00295083
0.00303635
0.00104994
0.00248372
0.000570792
0.0053163
0.00145164
0.00111643
0.000482676
-0.00437021
0.000823176
0.00166628
0.000403207
0.000718319
0.000377216
0.000220093
3.68867e-05
0.000795985
0.00132975
0.00519139
0.00287644
0.00234784
0.000882933
0.000530643
0.00572076
0.00258704
0.000425544
0.00719895
0.00445711
0.00187764
-0.00686865
0.00181275
0.00306577
0.00228909
0.001946
0.000138702
0.00333986
0.00228742
0.00239611
0.000353726
0.00479713
0.00060038
0.00191341
0.00389824
0.000234418
6.89733e-05
0.00629807
0.00049734
0.0060852
0.001069
0.00281785
0.00343479
0.0052486
0.00144733
0.000926405
0.00143958
0.00786708
0.0016884
-0.00420624
0.000584767
0.00368719
0.000920063
0.00451829
0.0020326
0.000272285
0.00719482
0.00273631
0.000493634
0.0076333
0.00273527
4.56129e-05
0.00301664
0.000929057
0.00706473
0.00275967
0.00366211
0.00421565
0.00417414
0.00794283
0.000306901
0.00247772
0.00019871
0.000696521
0.00101362
0.00153891
0.000301222
0.000119903
0.000333152
0.00118756
0.00066182
0.00126857
0.000662895
0.00253928
0.00437414
0.000405975
0.00237345
0.00432291
0.00525837
0.00368279
0.0017334
0.000295976
0.000654866
0.00138826
0.00167019
0.00297699
-0.000696895
0.000147536
0.00339015
0.00259824
0.00569286
0.000621362
0.00139918
0.00118433
0.00150182
0.000983071
0.00159377
0.00382802
0.000595281
0.00713188
0.00215099
0.000108142
0.0025156
0.00216689
0.00029699
2.37122e-05
0.00780175
0.00101078
0.000218134
0.00590493
0.00312052
0.00418342
0.000630389
0.00755869
0.00110276
0.00223659
0.00165348
0.000547014
0.0024338
0.00360315
0.00192407
0.000412872
0.00411652
0.00275034
0.00473354
0.000649159
0.00454057
0.00549867
0.00302858
0.00268019
0.00740177
0.00175126
0.00572517
0.00817155
0.00111236
0.00203356
-0.00791229
0.00249824
0.000217689
0.00055354
0.00186786
0.00181683
-0.00795284
0.00297553
0.000726917
0.000578638
0.00213746
0.00422706
0.00324922
0.00632881
0.00398185
0.00273447
0.00116026
0.00135889
0.00419253
0.000968056
0.00589383
-0.004926
0.00335956
5.98194e-05
0.000780625
0.00336548
-0.00738436
0.000205156
0.0016914
0.000932811
0.00769824
0.0026697
-0.00766611
0.00661358
0.00171587
0.00306871
0.0056208
0.00601657
-0.0074027
0.00106603
0.00227693
0.000271155
0.00187156
0.00044161
0.000237519
0.00279578
0.00475333
-0.00507515
0.000811903
0.000841188
0.000145492
0.00202403
0.000230542
0.000794111
0.00542312
0.00226404
0.0037378
0.00680924
0.00225077
0.00316372
0.00235759
0.000990228
0.00411976
0.000462802
0.00513277
0.000470761
0.000859817
-0.00620036
5.82465e-05
0.00451964
0.00159805
0.0026743
0.00105557
-0.00631415
-0.00814107
0.00151141
0.00527515
0.00666152
9.18409e-05
0.00216942
0.00446172
0.00294664
0.00107918
-0.00271402
0.00231092
0.000564651
0.000135379
0.0038871
0.00426015
0.00524587
-0.00697499
-0.00788698
0.00250691
0.0056059
0.00140707
0.00324398
0.00318044
0.00284264
0.00296929
0.00167326
0.000771015
0.00424901
0.00696372
0.0057769
0.00367784
0.00183185
0.00631679
2.33038e-05
0.00562148
0.00144989
0.00644874
0.00178952
-0.00707625
0.000518252
0.00035332
0.00165905
0.00138432
0.00231789
0.00100379
0.000301469
0.00042526
0.00306103
0.00401558
0.00318973
9.2716e-05
0.00431797
0.0026673
0.00546816
0.00257265
0.000145871
0.00228006
0.00157606
0.00342577
0.00258687
0.00121752
0.000103362
0.00777849
0.00181213
0.00345892
0.00404546
0.000262496
0.00728413
0.000310965
0.0051833
0.000117984
0.00265957
0.00331098
0.00275932
0.00496331
0.000195255
0.00105871
0.000782939
0.00196062
0.00344299
0.00730779
0.00289736
0.00229532
0.000601198
0.000876054
0.00247336
0.00100377
0.0003483
0.00208155
0.00762046
0.00600681
0.000206788
0.00483577
0.00418669
0.00378522
-0.00638552
0.00286837
0.00505581
0.00654214
0.000647543
0.00249542
0.000480162
0.00681765
0.00164664
2.55708e-05
0.0032164
0.00107182
0.000472649
-0.0012071
0.000480442
0.00019993
0.00462191
0.00115782
0.00496336
0.00117953
0.00335182
0.000124592
0.00171982
0.00501332
0.00326861
0.00169253
0.00140544
0.00172596
0.00195496
0.00113831
0.00478328
0.000387037
0.000894384
0.000888035
0.000195184
0.00293003
0.00271991
0.00202749
-0.00807879
0.00037585
0.000719236
0.00600369
0.00673869
0.00447112
0.00637378
2.94634e-05
0.00369604
0.00143506
0.00114755
0.00740949
0.00306161
0.000771314
0.000374562
0.00137039
-0.006002
0.000224692
0.00251868
0.00032919
0.00124596
0.00388339
0.000488441
0.00178913
0.00210455
0.00207656
0.00255089
0.000799581
0.000643481
0.000701283
0.000233014
0.00485129
0.000653363
0.00127393
0.00269669
-0.00748549
0.00118419
7.52399e-05
0.00231526
0.00150301
-0.00426892
0.00411872
0.00298642
0.000245229
0.00620721
0.000333331
0.000504088
0.00829801
9.14389e-06
0.000592254
0.000409991
0.00254891
0.00528425
0.00118753
0.00122285
0.000314539
0.000262951
0.000931732
0.000353725
0.000644105
0.002994
0.00525015
0.0068263
0.00286485
0.00232628
0.00244975
0.00393054
-0.0070226
0.00213259
0.000604455
4.99537e-05
0.000279177
0.00498157
0.00205928
0.00104517
0.000610562
0.00502858
0.00584874
0.000319322
9.24298e-05
0.00330845
0.00337918
0.00719867
3.22858e-05
0.00133727
0.000682722
0.000120399
0.00096705
0.000117604
0.000646483
0.000533825
0.000623553
0.00401347
0.00381552
0.00141885
0.000690864
0.00550589
0.000961155
0.00279687
0.00155216
0.00291697
0.000947387
0.000168192
0.003192
0.000361627
0.00135074
0.00303753
1.81217e-05
0.00566606
0.00361935
0.00024323
0.00324086
0.000804202
0.000470757
0.000331651
0.00155604
0.000958702
0.00514989
0.0074192
0.00336932
0.00153009
0.0030401
0.000114067
0.00477884
0.000309805
