8.85081e-08
1.03559e-07
1.27727e-07
1.90579e-07
1.41232e-07
1.22758e-07
1.25979e-07
1.44588e-07
1.51623e-07
1.36855e-07
1.23955e-07
1.40588e-07
1.39007e-07
9.49347e-08
1.26975e-07
1.15641e-07
1.15486e-07
1.09152e-07
9.87566e-08
1.51472e-07
1.62008e-07
8.895e-08
1.19893e-07
1.19327e-07
1.3501e-07
2.06882e-07
1.77586e-07
2.06374e-07
1.27432e-07
1.26111e-07
9.63418e-08
1.12951e-07
1.3365e-07
1.03489e-07
1.37507e-07
1.25033e-07
1.47371e-07
9.12408e-08
1.52573e-07
1.39491e-07
1.20231e-07
2.51272e-07
9.40471e-08
1.86424e-07
1.40817e-07
1.31665e-07
1.00117e-07
1.58787e-07
1.67229e-07
7.1015e-08
1.27758e-07
1.32398e-07
1.21424e-07
7.60889e-08
1.26467e-07
1.73942e-07
2.0913e-07
1.03656e-07
1.76481e-07
1.56593e-07
9.29346e-08
1.81133e-07
1.36987e-07
1.77388e-07
2.34852e-07
8.25155e-08
1.04117e-07
1.61457e-07
1.70086e-07
1.0561e-07
1.54938e-07
1.6067e-07
1.1618e-07
1.0014e-07
1.15153e-07
7.42981e-08
1.67721e-07
9.59115e-08
1.24808e-07
2.96564e-07
2.67102e-07
1.34797e-07
2.50853e-07
1.36557e-07
1.42235e-07
1.37348e-07
2.00936e-07
1.71803e-07
2.24828e-07
2.28666e-07
1.00055e-07
1.41828e-07
1.06063e-07
2.15607e-07
1.1554e-07
3.40997e-07
2.03762e-07
1.19513e-07
1.02509e-07
2.95123e-07
1.65574e-07
7.84068e-08
2.02785e-07
8.87406e-08
1.37766e-07
1.42119e-07
1.15288e-07
1.58554e-07
1.16006e-07
1.23564e-07
7.27903e-08
1.11315e-07
1.11753e-07
9.36091e-08
1.77051e-07
1.22684e-07
1.53868e-07
1.92761e-07
1.27983e-07
1.54038e-07
1.25281e-07
1.50061e-07
1.58325e-07
1.30832e-07
1.35243e-07
1.2682e-07
6.61465e-08
1.2425e-07
1.277e-07
9.90977e-08
6.12897e-08
1.64318e-07
7.96937e-08
1.60411e-07
1.79954e-07
1.1485e-07
9.33843e-08
1.87641e-07
1.36444e-07
1.1318e-07
1.26425e-07
7.70812e-08
1.5955e-07
1.21816e-07
1.3346e-07
1.02544e-07
2.19464e-07
1.2782e-07
7.28949e-08
1.59802e-07
2.17379e-07
1.65047e-07
1.91366e-07
1.52732e-07
1.38445e-07
1.22653e-07
1.21886e-07
1.54069e-07
1.43204e-07
1.15971e-07
1.01578e-07
1.44239e-07
1.20064e-07
1.07532e-07
1.54112e-07
1.54976e-07
1.5855e-07
2.10266e-07
1.7278e-07
2.56919e-07
1.5005e-07
1.25359e-07
1.42088e-07
1.55802e-07
1.20091e-07
7.53989e-08
1.31119e-07
1.99575e-07
2.08746e-07
1.19137e-07
1.34592e-07
3.66824e-07
1.79896e-07
1.49682e-07
1.1951e-07
1.34723e-07
1.3903e-07
2.33732e-07
6.82242e-08
1.78946e-07
1.13502e-07
1.5512e-07
1.06462e-07
1.30386e-07
1.99734e-07
1.00133e-07
1.61054e-07
1.77032e-07
1.40646e-07
1.0661e-07
1.89629e-07
1.40697e-07
9.52177e-08
1.26746e-07
9.50239e-08
1.29181e-07
7.72517e-08
1.75032e-07
1.40301e-07
1.97393e-07
8.62599e-08
1.57438e-07
1.5705e-07
6.80846e-08
1.26374e-07
1.40879e-07
1.32929e-07
1.54329e-07
1.74314e-07
8.98957e-08
1.31359e-07
9.43107e-08
1.3534e-07
1.86505e-07
8.55273e-08
1.84265e-07
1.7928e-07
9.00624e-08
1.37297e-07
2.16444e-07
1.62519e-07
1.87695e-07
1.41542e-07
1.04734e-07
1.50988e-07
6.3755e-08
9.58883e-08
1.83683e-07
1.46243e-07
1.68279e-07
1.32948e-07
1.44569e-07
9.90512e-08
2.39097e-07
8.96825e-08
1.72144e-07
2.7961e-07
1.22289e-07
1.7012e-07
1.24843e-07
2.64036e-07
1.37983e-07
1.05148e-07
1.22188e-07
1.52856e-07
1.12339e-07
1.35421e-07
6.56659e-08
1.38216e-07
1.28103e-07
2.32465e-07
7.56586e-08
1.18196e-07
9.64619e-08
9.30393e-08
2.15262e-07
7.82556e-08
1.94257e-07
1.66849e-07
1.27925e-07
7.03561e-08
1.81478e-07
1.67473e-07
9.90783e-08
8.27481e-08
1.76264e-07
1.71617e-07
1.91552e-07
1.14362e-07
1.60411e-07
1.09102e-07
1.91335e-07
1.73551e-07
1.26436e-07
1.25428e-07
1.21909e-07
1.24103e-07
2.40907e-07
1.17277e-07
1.55314e-07
9.39463e-08
1.09602e-07
1.54775e-07
8.1876e-08
1.705e-07
1.57116e-07
1.21855e-07
1.24192e-07
3.00658e-07
1.25878e-07
1.01516e-07
9.39696e-08
1.44933e-07
1.99401e-07
9.67759e-08
1.11765e-07
1.55255e-07
7.62904e-08
1.92207e-07
2.41411e-07
1.41336e-07
1.61128e-07
8.00154e-08
1.80245e-07
1.53174e-07
1.07645e-07
1.21401e-07
9.35781e-08
1.41545e-07
2.23573e-07
8.08062e-08
9.74426e-08
1.17727e-07
1.32169e-07
1.56523e-07
1.75694e-07
1.14172e-07
9.08958e-08
1.70535e-07
1.99354e-07
1.39941e-07
8.42792e-08
2.23088e-07
5.43975e-07
1.01757e-07
1.43162e-07
1.25549e-07
6.85304e-08
1.33626e-07
2.32802e-07
1.51065e-07
5.1173e-08
1.5422e-07
3.25031e-07
1.31824e-07
1.52058e-07
2.12359e-07
1.68748e-07
1.61888e-07
1.40573e-07
2.22511e-07
8.72018e-08
1.37526e-07
1.10036e-07
2.04607e-07
2.76106e-07
3.15988e-07
1.09319e-07
1.6631e-07
2.18553e-07
1.73489e-07
1.50201e-07
1.14106e-07
1.21312e-07
1.33712e-07
2.10212e-07
9.2078e-08
6.15533e-08
1.46608e-07
6.36968e-08
9.2985e-08
2.39864e-07
1.25897e-07
1.26231e-07
1.23645e-07
1.15009e-07
1.58663e-07
1.29719e-07
1.03311e-07
1.26948e-07
1.15436e-07
1.39367e-07
1.56197e-07
6.40767e-08
1.41158e-07
6.75536e-08
1.14315e-07
1.70748e-07
1.18583e-07
8.14031e-08
8.69189e-08
1.40119e-07
1.38619e-07
2.1065e-07
1.08168e-07
1.04152e-07
9.42176e-08
7.85541e-08
1.22715e-07
1.24111e-07
1.0966e-07
9.4237e-08
1.03141e-07
6.11424e-08
2.04641e-07
1.35743e-07
1.47379e-07
3.1279e-07
1.16812e-07
1.39658e-07
1.42557e-07
1.86947e-07
1.04912e-07
1.34406e-07
1.47348e-07
1.21153e-07
1.67861e-07
9.96016e-08
2.25627e-07
1.95583e-07
1.72535e-07
1.59911e-07
1.77357e-07
1.41596e-07
1.00505e-07
1.24971e-07
1.31781e-07
1.24269e-07
1.65004e-07
1.86113e-07
1.93436e-07
1.35925e-07
7.88332e-08
1.20254e-07
1.22207e-07
7.61509e-08
1.6745e-07
1.22417e-07
1.19905e-07
2.7199e-07
1.28064e-07
9.76519e-08
1.60918e-07
1.14253e-07
1.0497e-07
1.05114e-07
9.85706e-08
1.15684e-07
9.81868e-08
1.50999e-07
1.26339e-07
1.1925e-07
2.07742e-07
1.75059e-07
9.05702e-08
1.86346e-07
1.00032e-07
1.43042e-07
1.25952e-07
1.72175e-07
1.28204e-07
9.12718e-08
1.55662e-07
1.21618e-07
8.16395e-08
1.47414e-07
1.7678e-07
1.34363e-07
1.4027e-07
1.3601e-07
2.15499e-07
1.30812e-07
2.45988e-07
1.13676e-07
1.48333e-07
9.79116e-08
1.52356e-07
1.14114e-07
1.2549e-07
9.14578e-08
1.74846e-07
1.39181e-07
1.06241e-07
9.46828e-08
1.93083e-07
1.28812e-07
2.81727e-07
1.7207e-07
2.15681e-07
1.54383e-07
1.43232e-07
2.00126e-07
1.4553e-07
1.17203e-07
1.11164e-07
1.71062e-07
6.16347e-08
2.31709e-07
7.23561e-08
1.06555e-07
1.17273e-07
2.2784e-07
2.78308e-07
1.58473e-07
8.82174e-08
1.43379e-07
1.16145e-07
9.84078e-08
1.47906e-07
7.98487e-08
3.16081e-07
1.46825e-07
1.46809e-07
1.11373e-07
8.17326e-08
1.29665e-07
1.42201e-07
1.40894e-07
1.65116e-07
1.3213e-07
1.17653e-07
1.5481e-07
8.81864e-08
1.25704e-07
4.71301e-08
1.3884e-07
1.6038e-07
2.03475e-07
2.74455e-07
1.70849e-07
1.26173e-07
2.20092e-07
1.35464e-07
1.00733e-07
8.72638e-08
1.30925e-07
1.00292e-07
1.00195e-07
2.65877e-07
7.7744e-08
1.75152e-07
2.02223e-07
1.22998e-07
2.2822e-07
1.82516e-07
1.34859e-07
8.59382e-08
1.14676e-07
1.47437e-07
1.15912e-07
1.82854e-07
1.05342e-07
1.00842e-07
2.11828e-07
7.50113e-08
1.30184e-07
1.50523e-07
1.98037e-07
1.2706e-07
1.44464e-07
1.90808e-07
1.43991e-07
2.54892e-07
1.03133e-07
1.87951e-07
1.16901e-07
1.89904e-07
1.82009e-07
1.43577e-07
2.07932e-07
1.33367e-07
9.97799e-08
1.39762e-07
9.73224e-08
1.59845e-07
1.05637e-07
2.75455e-07
5.57042e-08
9.67061e-08
1.30878e-07
2.26743e-07
1.35855e-07
6.5883e-08
1.30611e-07
7.82169e-08
1.57461e-07
1.48026e-07
9.60898e-08
1.26793e-07
8.86747e-08
1.08083e-07
1.68341e-07
1.82276e-07
1.65202e-07
2.10293e-07
7.48756e-08
1.3613e-07
2.37248e-07
2.17882e-07
1.20413e-07
1.70229e-07
1.95257e-07
1.54089e-07
1.12071e-07
1.79474e-07
8.62948e-08
2.14661e-07
1.29498e-07
1.75256e-07
2.75215e-07
1.08338e-07
1.38367e-07
1.93129e-07
1.81788e-07
2.44403e-07
1.34471e-07
1.63954e-07
1.70787e-07
1.30673e-07
8.05038e-08
1.4179e-07
1.3315e-07
1.50496e-07
1.47654e-07
1.62318e-07
1.04389e-07
1.03451e-07
1.35444e-07
1.39596e-07
1.55131e-07
8.38567e-08
1.09827e-07
1.58325e-07
1.51356e-07
1.19021e-07
1.36518e-07
1.48643e-07
1.59581e-07
1.14056e-07
2.30034e-07
9.86946e-08
2.59206e-07
1.07141e-07
1.08699e-07
9.29075e-08
1.88214e-07
8.34536e-08
1.21595e-07
9.2609e-08
9.42758e-08
1.81807e-07
1.7995e-07
1.97126e-07
7.98836e-08
1.55465e-07
1.27572e-07
8.1845e-08
2.08456e-07
1.18715e-07
1.28886e-07
1.22638e-07
1.31518e-07
1.13664e-07
7.37748e-08
9.93303e-08
1.37375e-07
1.74202e-07
1.42949e-07
1.213e-07
6.15572e-08
1.29041e-07
1.22304e-07
2.65683e-07
1.34103e-07
1.01175e-07
2.15033e-07
1.58725e-07
1.3901e-07
1.65861e-07
1.35413e-07
9.44153e-08
1.68508e-07
7.30228e-08
1.64279e-07
1.46205e-07
1.19982e-07
9.07989e-08
1.01443e-07
1.5474e-07
1.93482e-07
1.04629e-07
1.12106e-07
2.52411e-07
1.1623e-07
1.12719e-07
1.14083e-07
1.103e-07
1.32537e-07
2.03564e-07
1.35549e-07
1.31619e-07
1.34592e-07
1.49406e-07
1.12746e-07
1.35805e-07
1.59353e-07
1.56763e-07
1.49309e-07
1.23955e-07
9.164e-08
1.26297e-07
1.18405e-07
1.93172e-07
3.2524e-07
2.25096e-07
1.60605e-07
1.12618e-07
1.86272e-07
1.44139e-07
1.45728e-07
1.1018e-07
1.41375e-07
1.67054e-07
2.03219e-07
1.84799e-07
1.18889e-07
9.83845e-08
1.29777e-07
1.19223e-07
1.48538e-07
1.33254e-07
1.09904e-07
1.49418e-07
1.83249e-07
1.39317e-07
7.46392e-08
1.81164e-07
9.1357e-08
1.53205e-07
2.2084e-07
1.71004e-07
1.11715e-07
1.41817e-07
2.28984e-07
1.16285e-07
1.5774e-07
2.1434e-07
1.22122e-07
1.07048e-07
7.7868e-08
1.95947e-07
1.12939e-07
9.57255e-08
1.11998e-07
1.17742e-07
1.58562e-07
1.60302e-07
1.53732e-07
1.20401e-07
1.62787e-07
1.2175e-07
1.70586e-07
2.4524e-07
2.27511e-07
1.1563e-07
1.09668e-07
1.32716e-07
1.22145e-07
1.43794e-07
1.40197e-07
1.19622e-07
1.70194e-07
2.60381e-07
1.13521e-07
1.3903e-07
1.28677e-07
1.39588e-07
1.61411e-07
9.02834e-08
1.33305e-07
9.54386e-08
1.26087e-07
1.7883e-07
1.12757e-07
1.50263e-07
1.82675e-07
1.53713e-07
1.05292e-07
1.50271e-07
1.38569e-07
2.24131e-07
1.15823e-07
3.60478e-07
1.32595e-07
1.34824e-07
1.50092e-07
2.0061e-07
1.05183e-07
1.44844e-07
2.12533e-07
1.99409e-07
1.07249e-07
8.73336e-08
1.34146e-07
1.07028e-07
1.25793e-07
1.66961e-07
1.16552e-07
1.52081e-07
1.2806e-07
1.58058e-07
5.94563e-08
1.24266e-07
1.50654e-07
1.36615e-07
1.47968e-07
1.59903e-07
2.25755e-07
9.4396e-08
2.19681e-07
1.37003e-07
1.44139e-07
7.67982e-08
1.41786e-07
1.77768e-07
1.04753e-07
1.91908e-07
1.55306e-07
1.54678e-07
9.71286e-08
9.90977e-08
1.38654e-07
1.61845e-07
1.24215e-07
7.65075e-08
9.6148e-08
6.26735e-08
1.3872e-07
1.74687e-07
1.03846e-07
2.29732e-07
1.80361e-07
8.62173e-08
1.06288e-07
1.35545e-07
1.49689e-07
1.11238e-07
1.34251e-07
2.03374e-07
2.12239e-07
1.14575e-07
1.21103e-07
1.17707e-07
9.54309e-08
1.04621e-07
8.55041e-08
1.62349e-07
4.27772e-07
1.93529e-07
1.45212e-07
1.20917e-07
1.00168e-07
1.44608e-07
2.19158e-07
1.18044e-07
1.34309e-07
1.36239e-07
1.47271e-07
1.29944e-07
1.1128e-07
1.16971e-07
1.29584e-07
9.064e-08
1.87695e-07
2.02963e-07
2.11394e-07
7.34066e-08
1.45926e-07
7.12204e-08
1.31812e-07
1.02489e-07
1.87187e-07
1.59415e-07
1.57345e-07
1.00865e-07
9.4237e-08
1.22021e-07
1.06303e-07
1.78353e-07
1.54197e-07
1.51185e-07
8.876e-08
1.27064e-07
1.51515e-07
1.58333e-07
1.49848e-07
9.2171e-08
1.46902e-07
1.16909e-07
1.56748e-07
1.60101e-07
1.79032e-07
2.62051e-07
2.68741e-07
1.38154e-07
1.33658e-07
2.06564e-07
2.03936e-07
1.35014e-07
1.40828e-07
1.06978e-07
9.85667e-08
1.89462e-07
1.0768e-07
1.18626e-07
1.2682e-07
9.67488e-08
1.76004e-07
1.06811e-07
2.69819e-07
2.19359e-07
2.64237e-07
1.26785e-07
1.83144e-07
1.72601e-07
1.17622e-07
1.47976e-07
1.09377e-07
1.14378e-07
2.78719e-07
1.48926e-07
1.31274e-07
1.34456e-07
1.80439e-07
1.09304e-07
1.48821e-07
1.69295e-07
2.48764e-07
1.04819e-07
1.43162e-07
1.08501e-07
9.36052e-08
6.57822e-08
1.70043e-07
9.72643e-08
1.01784e-07
1.41104e-07
1.03288e-07
1.20424e-07
3.70161e-07
2.27763e-07
1.93963e-07
1.17044e-07
1.35223e-07
1.13831e-07
1.00989e-07
1.6945e-07
2.36058e-07
1.84652e-07
1.51755e-07
1.02551e-07
7.30616e-08
2.01866e-07
9.10586e-08
1.25052e-07
1.47929e-07
7.35694e-08
2.19634e-07
1.71954e-07
9.57565e-08
1.58639e-07
1.57934e-07
1.1899e-07
1.90633e-07
1.30386e-07
1.72167e-07
1.53271e-07
2.87622e-07
8.55312e-08
1.82811e-07
1.22335e-07
1.16878e-07
1.74458e-07
1.26537e-07
1.45177e-07
1.81594e-07
1.24611e-07
1.00202e-07
9.41246e-08
8.63258e-08
6.21425e-08
1.22079e-07
2.05587e-07
2.01564e-07
2.69137e-07
1.19905e-07
1.49302e-07
1.79198e-07
1.25083e-07
1.07218e-07
