8.95508e-08
6.80652e-08
7.03754e-08
8.43102e-08
8.91554e-08
5.65725e-08
1.06303e-07
5.92625e-08
5.66655e-08
6.91079e-08
7.00925e-08
7.26624e-08
1.17164e-07
7.29686e-08
7.23019e-08
8.66281e-08
9.164e-08
1.01454e-07
6.59605e-08
5.70608e-08
8.22093e-08
5.43514e-08
7.53524e-08
1.12827e-07
6.62163e-08
1.30832e-07
8.45118e-08
6.19332e-08
1.16343e-07
8.51823e-08
5.85687e-08
6.29836e-08
8.9198e-08
8.60622e-08
7.13251e-08
7.0139e-08
5.86036e-08
9.89504e-08
5.86268e-08
6.36581e-08
5.63321e-08
9.48223e-08
7.55346e-08
4.42773e-08
5.77469e-08
6.93289e-08
8.92639e-08
6.62086e-08
4.27966e-08
5.3801e-08
7.52788e-08
8.53258e-08
7.21778e-08
4.65952e-08
7.62245e-08
7.07165e-08
1.13529e-07
6.62202e-08
1.22971e-07
7.28949e-08
4.76495e-08
5.34405e-08
7.72323e-08
6.43403e-08
8.46901e-08
5.41111e-08
9.6803e-08
7.33136e-08
6.51349e-08
8.18527e-08
7.31081e-08
6.65729e-08
5.32428e-08
7.94766e-08
1.24525e-07
7.7682e-08
8.59847e-08
7.13173e-08
8.65816e-08
6.97824e-08
9.85163e-08
5.56887e-08
6.86312e-08
7.41159e-08
7.57827e-08
6.99219e-08
7.37826e-08
8.91942e-08
9.01399e-08
5.95377e-08
7.09995e-08
9.76093e-08
7.2174e-08
9.89737e-08
8.78336e-08
6.00726e-08
6.82707e-08
5.63476e-08
6.50573e-08
7.74998e-08
7.94611e-08
8.90585e-08
8.1655e-08
1.00489e-07
8.83336e-08
8.22054e-08
5.57236e-08
6.06773e-08
5.36072e-08
6.30883e-08
5.33475e-08
5.54251e-08
6.20921e-08
5.53786e-08
9.70356e-08
8.77018e-08
7.1829e-08
9.8369e-08
1.06397e-07
8.74344e-08
1.39933e-07
5.28668e-08
9.07524e-08
8.71088e-08
8.25969e-08
7.44725e-08
7.28329e-08
7.0732e-08
5.20916e-08
6.03052e-08
7.80696e-08
4.99714e-08
6.71776e-08
1.17172e-07
8.94732e-08
8.97291e-08
9.43494e-08
9.47254e-08
4.85062e-08
8.68956e-08
6.59721e-08
8.31745e-08
1.0097e-07
1.05009e-07
5.46693e-08
4.81728e-08
6.99219e-08
5.47429e-08
5.50414e-08
1.15389e-07
5.6774e-08
6.85769e-08
8.37675e-08
4.89868e-08
9.29967e-08
9.27059e-08
1.12083e-07
5.3456e-08
5.36615e-08
5.29405e-08
5.60453e-08
4.69402e-08
5.95145e-08
8.98221e-08
6.92669e-08
5.75299e-08
7.01506e-08
7.93991e-08
7.24414e-08
5.80299e-08
4.96535e-08
8.39148e-08
4.1219e-08
6.16735e-08
7.82944e-08
5.57895e-08
7.76548e-08
7.05615e-08
9.77953e-08
7.58447e-08
4.58316e-08
7.17476e-08
6.69722e-08
6.71737e-08
6.86118e-08
8.51746e-08
8.26938e-08
7.72517e-08
6.75885e-08
6.81156e-08
6.33518e-08
7.62401e-08
6.27588e-08
7.64494e-08
9.24152e-08
7.03483e-08
7.15615e-08
5.87315e-08
5.8809e-08
6.12665e-08
6.30301e-08
5.58592e-08
6.63597e-08
6.67977e-08
9.28765e-08
7.73874e-08
7.29647e-08
5.19792e-08
9.49696e-08
8.95236e-08
6.65613e-08
6.2472e-08
6.32239e-08
6.05843e-08
6.51077e-08
4.9107e-08
6.05571e-08
5.53553e-08
7.46276e-08
5.80531e-08
6.74179e-08
7.24763e-08
5.71965e-08
5.30025e-08
9.93342e-08
5.74058e-08
8.63374e-08
8.63297e-08
6.00649e-08
6.22975e-08
8.49381e-08
8.10232e-08
6.13246e-08
1.09749e-07
5.79175e-08
4.95372e-08
6.6259e-08
6.2251e-08
7.36004e-08
5.95067e-08
6.26813e-08
6.49488e-08
4.53549e-08
6.90498e-08
5.22777e-08
6.34371e-08
6.40457e-08
7.24996e-08
8.99267e-08
5.58515e-08
1.1404e-07
4.83899e-08
9.64813e-08
7.66083e-08
4.71263e-08
8.41939e-08
6.66776e-08
7.1329e-08
5.9216e-08
5.66345e-08
6.17859e-08
7.35771e-08
7.66005e-08
7.64339e-08
5.00838e-08
1.0823e-07
6.83288e-08
9.79039e-08
1.10187e-07
8.41086e-08
7.87983e-08
5.68554e-08
6.11502e-08
6.61659e-08
5.15761e-08
4.01996e-08
9.91869e-08
8.62056e-08
8.40001e-08
9.92528e-08
6.35922e-08
9.56286e-08
5.27854e-08
8.04185e-08
7.6337e-08
5.60802e-08
6.71195e-08
7.82363e-08
6.21037e-08
6.19874e-08
6.28014e-08
6.23983e-08
5.70492e-08
9.74232e-08
5.87276e-08
6.64644e-08
7.30151e-08
6.65342e-08
5.90338e-08
6.10533e-08
8.77871e-08
8.8574e-08
8.95042e-08
7.1077e-08
6.0999e-08
4.87387e-08
6.83288e-08
7.43679e-08
4.49866e-08
7.01622e-08
8.64653e-08
6.61504e-08
5.88051e-08
4.69441e-08
6.53519e-08
4.9483e-08
6.22937e-08
7.69223e-08
6.18285e-08
8.86786e-08
9.04268e-08
7.44725e-08
7.20616e-08
6.3848e-08
8.01123e-08
8.68103e-08
5.79872e-08
5.22699e-08
8.03023e-08
8.081e-08
1.02765e-07
7.19802e-08
9.20819e-08
6.07161e-08
1.08226e-07
6.90149e-08
7.65889e-08
1.0109e-07
6.19099e-08
8.1814e-08
6.31464e-08
6.57667e-08
1.03652e-07
5.75996e-08
7.69881e-08
9.89814e-08
7.22089e-08
6.03013e-08
8.20155e-08
6.3503e-08
6.22626e-08
1.18273e-07
6.93948e-08
7.76897e-08
6.94452e-08
1.00939e-07
7.75463e-08
7.31004e-08
9.12524e-08
6.62473e-08
1.0597e-07
5.61693e-08
7.30577e-08
5.82276e-08
7.91007e-08
6.24371e-08
6.79993e-08
6.81699e-08
1.0742e-07
5.29482e-08
9.22796e-08
4.82581e-08
6.91855e-08
8.41862e-08
7.82828e-08
8.51668e-08
9.18261e-08
7.53485e-08
5.69368e-08
6.93948e-08
5.95881e-08
6.18324e-08
4.92388e-08
5.88361e-08
6.71117e-08
9.05663e-08
1.48701e-07
6.87474e-08
7.1922e-08
7.57749e-08
7.10654e-08
8.04651e-08
5.84524e-08
5.49871e-08
5.73477e-08
6.72823e-08
6.88637e-08
6.4348e-08
1.0466e-07
5.7212e-08
6.59605e-08
1.02695e-07
6.69102e-08
7.67362e-08
8.01123e-08
4.25757e-08
6.17006e-08
7.83099e-08
8.14186e-08
7.68409e-08
6.81583e-08
8.56862e-08
7.30577e-08
7.24957e-08
8.38296e-08
8.17171e-08
6.88444e-08
8.42133e-08
6.62357e-08
8.08139e-08
5.79369e-08
7.08096e-08
5.55298e-08
9.35703e-08
6.50845e-08
7.58253e-08
6.40457e-08
6.54954e-08
7.27166e-08
6.24332e-08
7.23794e-08
5.55298e-08
5.47584e-08
7.70928e-08
7.14336e-08
6.64101e-08
7.72556e-08
1.22409e-07
6.09331e-08
6.93444e-08
9.10198e-08
7.32593e-08
1.00737e-07
4.86884e-08
6.47976e-08
8.40854e-08
8.56669e-08
7.21042e-08
9.36323e-08
9.06283e-08
8.23682e-08
4.25214e-08
6.85963e-08
9.87915e-08
8.8667e-08
6.60768e-08
5.30955e-08
9.04035e-08
4.17888e-08
6.08905e-08
6.19526e-08
7.23755e-08
6.92746e-08
7.37981e-08
9.61596e-08
7.16546e-08
6.32821e-08
4.68278e-08
5.93013e-08
6.80652e-08
4.9076e-08
8.98686e-08
8.52637e-08
5.63903e-08
6.98056e-08
9.50278e-08
6.41465e-08
5.63011e-08
1.24715e-07
7.07708e-08
7.25267e-08
5.25102e-08
6.78521e-08
8.20194e-08
9.44618e-08
6.1875e-08
6.48597e-08
6.35108e-08
8.33838e-08
9.15702e-08
5.83865e-08
7.35771e-08
9.11167e-08
6.19991e-08
7.70269e-08
9.03337e-08
7.90154e-08
8.28605e-08
8.16473e-08
7.05382e-08
7.34492e-08
5.73593e-08
6.77125e-08
5.90261e-08
6.67977e-08
6.45302e-08
7.98759e-08
1.0261e-07
6.95304e-08
6.65109e-08
7.83952e-08
7.64184e-08
4.01996e-08
7.78293e-08
8.47094e-08
7.57749e-08
7.18833e-08
1.12405e-07
8.78414e-08
6.37278e-08
7.92053e-08
6.17665e-08
8.11279e-08
7.41043e-08
5.41266e-08
7.98487e-08
8.15891e-08
7.15732e-08
5.23242e-08
8.63064e-08
7.19918e-08
6.57163e-08
8.27326e-08
7.77518e-08
5.45452e-08
6.0154e-08
7.58718e-08
6.81466e-08
6.17355e-08
4.86496e-08
1.07075e-07
8.41086e-08
5.98943e-08
5.40685e-08
5.65337e-08
8.12403e-08
8.38606e-08
4.05368e-08
4.18663e-08
9.38107e-08
7.13367e-08
7.23019e-08
7.18212e-08
8.92911e-08
9.14695e-08
7.58175e-08
6.84839e-08
6.28479e-08
6.70497e-08
8.32598e-08
6.93909e-08
5.82469e-08
8.63801e-08
8.7698e-08
7.58292e-08
7.30965e-08
4.84907e-08
1.0435e-07
6.11037e-08
5.5929e-08
6.04564e-08
6.18363e-08
6.34487e-08
7.40927e-08
6.43868e-08
4.98706e-08
6.75148e-08
3.84631e-08
6.16657e-08
6.68598e-08
7.78409e-08
6.57861e-08
4.29516e-08
8.42327e-08
9.08997e-08
3.73971e-08
7.55578e-08
8.22403e-08
9.22834e-08
6.07238e-08
5.3956e-08
6.66776e-08
6.75536e-08
6.23053e-08
5.02737e-08
8.04651e-08
5.10683e-08
1.13346e-07
6.57124e-08
8.15388e-08
5.61577e-08
6.49372e-08
7.22166e-08
9.03919e-08
7.03483e-08
8.40505e-08
9.42642e-08
7.03909e-08
5.07582e-08
5.91113e-08
5.80919e-08
5.78051e-08
1.14273e-07
7.91045e-08
7.69029e-08
8.66204e-08
6.46426e-08
4.42347e-08
6.28557e-08
6.4379e-08
7.02165e-08
7.50384e-08
8.06666e-08
8.35156e-08
8.16279e-08
7.73176e-08
5.64019e-08
7.2267e-08
7.086e-08
6.25456e-08
7.58292e-08
9.45471e-08
6.16231e-08
5.60182e-08
5.82353e-08
1.01664e-07
7.72323e-08
5.93284e-08
9.31866e-08
6.91506e-08
5.89679e-08
5.48398e-08
1.16219e-07
4.43006e-08
1.00679e-07
7.16158e-08
6.97708e-08
8.65545e-08
8.00658e-08
7.75851e-08
8.02015e-08
5.20839e-08
5.73477e-08
9.56363e-08
5.71539e-08
6.64024e-08
6.71699e-08
7.4647e-08
5.64639e-08
7.20616e-08
6.02083e-08
1.00024e-07
1.17354e-07
6.85575e-08
1.18037e-07
5.4332e-08
5.79097e-08
6.02044e-08
7.12011e-08
6.29797e-08
7.4895e-08
8.38838e-08
7.16468e-08
5.23164e-08
5.99292e-08
8.93492e-08
8.05193e-08
7.64106e-08
9.6772e-08
6.01967e-08
6.86273e-08
7.71587e-08
6.61931e-08
9.4051e-08
6.13401e-08
7.68331e-08
8.16628e-08
9.12175e-08
8.9919e-08
8.77057e-08
8.21279e-08
1.06075e-07
1.04121e-07
7.66005e-08
6.38092e-08
1.01718e-07
6.63907e-08
6.78637e-08
6.3472e-08
6.94335e-08
9.50045e-08
7.48563e-08
5.93517e-08
5.96501e-08
7.5209e-08
6.36503e-08
6.29022e-08
7.55036e-08
7.3833e-08
1.02117e-07
5.58709e-08
6.90498e-08
6.34177e-08
9.33145e-08
8.47327e-08
7.95076e-08
8.70274e-08
6.39216e-08
3.87421e-08
7.32011e-08
5.09133e-08
8.94073e-08
7.02708e-08
5.85764e-08
6.85459e-08
6.62628e-08
7.28562e-08
5.3239e-08
6.13556e-08
6.65574e-08
5.33552e-08
9.01826e-08
7.50191e-08
5.10528e-08
1.00396e-07
7.83874e-08
6.59799e-08
5.61073e-08
6.96738e-08
1.07121e-07
4.88783e-08
3.31992e-08
5.55608e-08
8.44536e-08
4.91186e-08
5.76927e-08
5.59833e-08
5.46615e-08
8.32404e-08
6.16153e-08
1.14982e-07
6.38829e-08
7.66277e-08
8.2e-08
7.10111e-08
7.0201e-08
9.23648e-08
1.09416e-07
7.91821e-08
6.71582e-08
5.64097e-08
5.41072e-08
7.52633e-08
6.0216e-08
7.85309e-08
5.24754e-08
6.21541e-08
1.02629e-07
6.70768e-08
7.42632e-08
6.61504e-08
7.2267e-08
1.083e-07
7.85347e-08
7.80153e-08
6.8887e-08
5.96191e-08
6.08401e-08
5.86811e-08
6.39837e-08
7.4864e-08
7.60462e-08
6.13517e-08
5.76578e-08
5.44406e-08
4.47037e-08
1.3108e-07
6.02819e-08
6.68559e-08
5.9561e-08
1.14211e-07
6.44953e-08
6.21929e-08
6.05494e-08
6.44527e-08
7.69804e-08
6.40651e-08
8.82833e-08
5.49367e-08
1.12203e-07
5.69136e-08
6.1844e-08
7.35849e-08
6.92979e-08
8.19264e-08
1.01327e-07
8.81864e-08
9.44657e-08
8.63878e-08
6.6697e-08
1.05377e-07
6.39604e-08
7.91627e-08
4.87543e-08
5.56926e-08
6.50845e-08
6.21192e-08
7.50656e-08
9.47719e-08
7.6023e-08
8.74731e-08
7.4802e-08
7.13871e-08
7.66393e-08
1.02261e-07
7.61742e-08
5.05257e-08
9.05586e-08
5.25025e-08
6.66892e-08
7.57943e-08
8.92058e-08
4.85372e-08
8.1531e-08
8.88453e-08
6.4034e-08
8.16705e-08
7.74765e-08
6.82048e-08
7.06119e-08
6.07044e-08
5.89873e-08
6.3941e-08
7.35151e-08
9.43146e-08
7.0608e-08
7.7399e-08
6.41736e-08
7.16584e-08
5.19133e-08
5.45375e-08
9.98187e-08
9.27563e-08
8.38993e-08
6.93366e-08
9.71674e-08
9.10159e-08
8.86089e-08
4.53006e-08
5.90571e-08
4.55254e-08
6.61388e-08
7.28445e-08
6.9918e-08
9.2047e-08
1.10571e-07
7.29996e-08
5.8809e-08
7.04181e-08
1.08668e-07
9.53882e-08
7.82905e-08
5.66073e-08
5.27157e-08
7.19879e-08
7.36198e-08
8.34923e-08
5.12931e-08
5.76578e-08
6.64799e-08
9.38339e-08
9.47642e-08
6.20688e-08
5.76772e-08
6.44255e-08
8.1845e-08
7.24182e-08
5.53592e-08
8.37055e-08
6.48519e-08
9.84039e-08
7.12398e-08
7.19763e-08
1.01028e-07
5.0297e-08
5.72624e-08
6.90071e-08
8.95469e-08
5.95067e-08
6.28169e-08
6.84335e-08
8.8415e-08
7.81161e-08
5.14986e-08
5.85725e-08
7.54881e-08
5.78942e-08
7.39182e-08
1.20583e-07
6.33286e-08
4.97427e-08
6.42976e-08
5.00256e-08
8.82251e-08
9.21555e-08
5.29909e-08
6.29371e-08
6.67861e-08
7.60191e-08
6.73249e-08
8.16822e-08
8.5601e-08
7.41508e-08
8.39381e-08
7.18678e-08
5.77702e-08
4.50409e-08
1.03598e-07
6.2344e-08
7.0077e-08
9.28649e-08
6.82823e-08
8.4066e-08
6.06928e-08
1.05125e-07
8.89461e-08
1.02982e-07
7.64804e-08
5.78981e-08
7.68215e-08
5.93943e-08
7.14181e-08
8.76437e-08
6.02742e-08
8.36939e-08
8.39924e-08
6.76699e-08
7.31353e-08
7.24802e-08
5.94912e-08
4.88473e-08
7.77207e-08
6.74683e-08
7.20926e-08
5.74097e-08
1.37665e-07
1.03815e-07
6.30379e-08
6.8356e-08
8.50661e-08
6.0154e-08
7.63214e-08
6.61621e-08
7.05111e-08
4.17617e-08
6.22394e-08
1.08649e-07
7.38485e-08
7.455e-08
6.85536e-08
6.11851e-08
5.40491e-08
5.21846e-08
4.78511e-08
6.48674e-08
7.25112e-08
6.11889e-08
6.96738e-08
6.15766e-08
8.68413e-08
4.3316e-08
5.95765e-08
7.01933e-08
8.71243e-08
7.42903e-08
6.17394e-08
6.53674e-08
7.82324e-08
8.16008e-08
5.48127e-08
9.78845e-08
5.29366e-08
9.50123e-08
7.524e-08
6.88327e-08
8.65933e-08
3.15829e-08
7.98953e-08
5.47158e-08
6.30611e-08
