1.42146e-07
2.10491e-07
1.95637e-07
1.86865e-07
1.89459e-07
1.61934e-07
2.89521e-07
1.83392e-07
1.17071e-07
1.84005e-07
1.04893e-07
1.4265e-07
1.35743e-07
1.17641e-07
1.05536e-07
2.64482e-07
2.15766e-07
9.34308e-08
1.61601e-07
2.26945e-07
1.43046e-07
2.62105e-07
1.66252e-07
2.22158e-07
1.396e-07
1.93656e-07
1.15804e-07
2.28422e-07
6.91428e-08
3.96682e-07
2.08161e-07
1.1442e-07
1.90505e-07
2.50822e-07
1.67465e-07
2.46326e-07
2.99789e-07
2.11212e-07
2.01843e-07
1.88408e-07
2.01459e-07
1.27801e-07
2.53175e-07
2.15351e-07
1.20591e-07
1.93552e-07
1.11699e-07
1.88955e-07
7.44299e-08
1.75803e-07
1.29967e-07
3.96209e-07
3.88817e-07
1.09137e-07
1.64384e-07
1.07939e-07
2.01215e-07
1.07912e-07
2.25356e-07
2.28623e-07
2.71242e-07
1.32161e-07
2.18588e-07
1.86358e-07
2.02917e-07
1.60252e-07
1.63213e-07
1.45026e-07
2.12739e-07
2.80211e-07
8.24303e-08
2.99561e-07
1.36499e-07
1.928e-07
1.61895e-07
1.86893e-07
1.35375e-07
2.98611e-07
3.5473e-07
1.56701e-07
2.08231e-07
1.61438e-07
1.84451e-07
1.63078e-07
6.87707e-08
2.15673e-07
1.11153e-07
1.24634e-07
1.04633e-07
1.74357e-07
1.32274e-07
1.71814e-07
2.66226e-07
4.41207e-07
1.66771e-07
1.9111e-07
1.93711e-07
1.33367e-07
8.89538e-08
2.39589e-07
2.59132e-07
2.21712e-07
2.15673e-07
4.19156e-07
3.0529e-07
1.45309e-07
1.51779e-07
1.68903e-07
1.61419e-07
2.60842e-07
2.34061e-07
1.724e-07
2.27387e-07
1.32088e-07
2.00568e-07
2.22863e-07
1.49081e-07
8.16357e-08
1.63709e-07
2.87487e-07
2.14871e-07
2.8456e-07
3.05797e-07
2.15072e-07
1.82284e-07
2.50136e-07
2.51403e-07
3.34675e-07
2.59505e-07
2.06196e-07
2.28678e-07
2.16704e-07
1.51748e-07
9.64891e-08
1.53476e-07
4.3661e-07
1.68586e-07
1.82098e-07
9.48688e-08
2.99526e-07
2.54935e-07
8.15155e-08
7.39919e-08
9.3737e-08
1.74334e-07
2.59594e-07
1.22169e-07
2.0344e-07
2.0263e-07
1.41569e-07
1.01412e-07
2.61974e-07
2.8989e-07
1.91746e-07
4.07453e-07
1.93808e-07
2.14219e-07
1.37879e-07
2.37895e-07
1.88075e-07
1.05381e-07
1.3572e-07
3.98813e-07
1.62671e-07
1.73334e-07
1.02454e-07
2.41271e-07
9.48921e-08
2.42775e-07
1.07761e-07
1.11436e-07
1.99199e-07
1.40902e-07
2.64954e-07
1.18649e-07
2.65606e-07
1.82059e-07
2.44058e-07
1.64981e-07
1.50988e-07
1.60798e-07
2.3167e-07
1.94583e-07
9.81016e-08
1.49484e-07
1.33336e-07
2.25751e-07
9.53882e-08
1.4289e-07
2.14421e-07
1.98851e-07
1.74136e-07
1.93812e-07
1.11443e-07
2.5071e-07
2.00812e-07
2.71939e-07
1.31557e-07
1.84059e-07
1.36375e-07
9.40781e-08
1.85924e-07
8.46978e-08
1.40852e-07
1.35441e-07
2.86917e-07
1.30448e-07
1.48782e-07
1.20638e-07
1.36526e-07
2.37352e-07
1.90548e-07
1.17323e-07
3.04402e-07
1.6393e-07
2.37957e-07
2.68172e-07
1.15699e-07
1.78319e-07
1.64442e-07
2.88928e-07
1.25506e-07
9.14772e-08
1.21595e-07
4.04961e-07
1.35937e-07
2.06219e-07
1.92385e-07
1.47499e-07
9.56092e-08
1.33607e-07
1.81144e-07
2.46128e-07
1.64074e-07
1.9775e-07
1.96866e-07
2.02665e-07
1.5617e-07
2.85548e-07
1.8647e-07
1.22769e-07
2.00572e-07
1.91653e-07
1.63194e-07
1.21796e-07
9.57177e-08
1.36751e-07
2.12646e-07
1.60601e-07
2.00258e-07
3.12716e-07
1.26801e-07
2.03715e-07
3.08336e-07
2.0537e-07
2.6028e-07
1.93168e-07
1.50247e-07
1.73427e-07
1.31154e-07
1.76706e-07
1.36092e-07
1.93687e-07
1.98645e-07
9.60704e-08
1.38821e-07
1.73249e-07
1.44267e-07
1.77749e-07
7.98914e-08
5.47855e-08
9.41479e-08
1.94443e-07
1.33154e-07
2.90184e-07
1.36309e-07
1.77326e-07
2.80982e-07
2.1827e-07
3.55637e-07
1.83121e-07
1.28991e-07
2.70811e-07
1.94191e-07
2.4307e-07
1.58256e-07
3.35272e-07
1.51674e-07
2.14665e-07
7.57129e-08
1.69407e-07
2.74967e-07
1.76001e-07
1.66562e-07
8.15232e-08
2.62842e-07
1.08807e-07
8.75042e-08
2.52272e-07
1.59081e-07
1.47379e-07
1.03939e-07
2.76184e-07
1.24863e-07
2.54376e-07
2.42589e-07
2.2196e-07
2.2277e-07
1.68287e-07
2.10801e-07
1.84195e-07
1.35859e-07
3.78251e-07
1.78524e-07
2.52419e-07
2.41678e-07
1.99079e-07
1.19378e-07
3.32962e-07
1.85958e-07
7.93022e-08
1.262e-07
1.92664e-07
2.34627e-07
1.98137e-07
1.97025e-07
2.38209e-07
2.84738e-07
1.89466e-07
1.59457e-07
1.27285e-07
2.53671e-07
1.64016e-07
1.33475e-07
2.10816e-07
1.42635e-07
1.20734e-07
2.56853e-07
1.93029e-07
2.0082e-07
1.4753e-07
2.28875e-07
1.1992e-07
1.6314e-07
2.21743e-07
1.30405e-07
2.55566e-07
3.21996e-07
1.29774e-07
2.04847e-07
6.77939e-08
2.21883e-07
2.14204e-07
9.29773e-08
1.13579e-07
3.9041e-07
1.47771e-07
3.11387e-07
1.89063e-07
1.96188e-07
1.40173e-07
1.78105e-07
1.39677e-07
1.56659e-07
9.95435e-08
1.23614e-07
4.03333e-07
2.78595e-07
1.62698e-07
1.74392e-07
2.55842e-07
1.55302e-07
1.59856e-07
1.8333e-07
1.59566e-07
1.82214e-07
1.75415e-07
1.48468e-07
2.19282e-07
9.53379e-08
2.10006e-07
4.45897e-07
1.78474e-07
1.52751e-07
1.83303e-07
2.80835e-07
1.55135e-07
2.01595e-07
1.4953e-07
1.3589e-07
2.55628e-07
2.44004e-07
2.72253e-07
2.23449e-07
1.6781e-07
2.77377e-07
1.74152e-07
2.15282e-07
1.25173e-07
3.7387e-07
1.32398e-07
1.10075e-07
1.10982e-07
1.42666e-07
1.91494e-07
2.57377e-07
1.5636e-07
1.53608e-07
1.70481e-07
2.57411e-07
1.81582e-07
1.66903e-07
1.5612e-07
2.6547e-07
1.60399e-07
1.10416e-07
1.17568e-07
1.58395e-07
1.33766e-07
1.83637e-07
2.8737e-07
2.51097e-07
1.14079e-07
1.69989e-07
2.82432e-07
1.42732e-07
1.49395e-07
2.64381e-07
1.97707e-07
2.46969e-07
1.70225e-07
1.05559e-07
2.25445e-07
1.64709e-07
1.44449e-07
1.40065e-07
1.15087e-07
1.59508e-07
3.11189e-07
1.70221e-07
2.43593e-07
1.09172e-07
1.32371e-07
1.3608e-07
2.56318e-07
1.60434e-07
1.03451e-07
1.2927e-07
2.01327e-07
9.91908e-08
1.05656e-07
1.50414e-07
2.50628e-07
1.1732e-07
2.54477e-07
3.88526e-07
2.1189e-07
2.13925e-07
9.91326e-08
2.75253e-07
1.18106e-07
2.99545e-07
2.07657e-07
3.08049e-07
1.54713e-07
2.87436e-07
1.7657e-07
2.33941e-07
1.24483e-07
1.78695e-07
2.2027e-07
2.97285e-07
1.17223e-07
1.60833e-07
1.84389e-07
1.06455e-07
1.77388e-07
1.51096e-07
1.39724e-07
1.50837e-07
1.71931e-07
2.27166e-07
1.35099e-07
2.34286e-07
9.91016e-08
2.24131e-07
1.00183e-07
1.34433e-07
2.86095e-07
2.80637e-07
1.04656e-07
1.12529e-07
2.21518e-07
2.33154e-07
2.11316e-07
1.67477e-07
1.78598e-07
1.47476e-07
1.16157e-07
1.48445e-07
1.82885e-07
2.19173e-07
2.063e-07
2.0037e-07
1.89358e-07
1.63764e-07
1.38111e-07
1.84501e-07
2.02409e-07
2.93828e-07
1.47643e-07
2.62063e-07
2.10653e-07
2.06397e-07
8.52405e-08
2.29286e-07
1.0292e-07
1.87172e-07
8.62134e-08
4.15295e-07
2.46225e-07
1.202e-07
2.07448e-07
2.09235e-07
1.42142e-07
1.96575e-07
1.89493e-07
1.37797e-07
2.91153e-07
9.32021e-08
1.58825e-07
1.55562e-07
9.67178e-08
1.59911e-07
1.33444e-07
2.07169e-07
3.33632e-07
2.19712e-07
2.10421e-07
2.18088e-07
1.44538e-07
8.49691e-08
2.00048e-07
1.74942e-07
1.01206e-07
2.18514e-07
1.32371e-07
1.6236e-07
3.1979e-07
9.64736e-08
2.11084e-07
2.2867e-07
2.50547e-07
1.22901e-07
1.55949e-07
1.694e-07
9.48378e-08
1.034e-07
3.01623e-07
1.88075e-07
1.88974e-07
2.18475e-07
9.79659e-08
9.82217e-08
1.13393e-07
1.28246e-07
2.32422e-07
7.76277e-08
2.67854e-07
1.25207e-07
1.76105e-07
1.31766e-07
1.63632e-07
1.7857e-07
1.36379e-07
3.05135e-07
1.30832e-07
2.2522e-07
1.6088e-07
1.25878e-07
2.79816e-07
1.7276e-07
2.00932e-07
1.95657e-07
1.48449e-07
1.49178e-07
1.87606e-07
4.16229e-07
2.09394e-07
1.80028e-07
1.63271e-07
1.43817e-07
2.03436e-07
1.1156e-07
1.38708e-07
2.14805e-07
2.16758e-07
1.13641e-07
2.11002e-07
3.2005e-07
1.51139e-07
1.45681e-07
2.03579e-07
1.4986e-07
1.10486e-07
1.10951e-07
1.18258e-07
1.96005e-07
1.06807e-07
1.21723e-07
1.8095e-07
1.15265e-07
1.10563e-07
2.64827e-07
8.48025e-08
2.85076e-07
1.34855e-07
1.75582e-07
1.27033e-07
2.14832e-07
7.98836e-08
1.571e-07
3.36582e-07
2.29298e-07
1.0373e-07
1.1387e-07
1.66256e-07
1.20583e-07
1.90389e-07
9.69697e-08
1.95393e-07
1.44142e-07
1.5312e-07
1.35119e-07
9.96636e-08
1.40344e-07
1.36003e-07
1.84765e-07
2.43822e-07
1.83594e-07
3.84685e-07
1.88517e-07
1.70334e-07
3.68936e-07
1.4505e-07
2.18917e-07
3.92809e-07
1.80792e-07
1.62678e-07
2.21507e-07
1.37758e-07
2.82765e-07
1.8035e-07
1.26983e-07
2.56264e-07
2.48624e-07
1.81857e-07
1.87993e-07
1.42832e-07
1.36851e-07
2.42085e-07
9.54309e-08
2.81478e-07
1.64147e-07
1.83098e-07
1.17761e-07
1.69272e-07
3.06813e-07
1.34185e-07
2.38376e-07
1.64849e-07
1.62349e-07
1.6569e-07
2.98468e-07
1.92401e-07
1.79842e-07
1.53674e-07
1.13327e-07
1.60713e-07
1.26494e-07
1.23727e-07
1.72966e-07
1.46712e-07
2.26096e-07
2.29104e-07
1.96862e-07
1.6167e-07
2.20332e-07
1.96595e-07
1.90776e-07
2.16002e-07
3.14899e-07
1.53817e-07
1.24812e-07
2.12995e-07
2.11107e-07
1.59577e-07
2.2936e-07
1.28087e-07
2.28073e-07
9.94078e-08
2.2296e-07
3.32415e-07
1.94897e-07
3.3595e-07
1.8968e-07
1.13738e-07
3.16422e-07
1.58864e-07
1.01629e-07
9.25083e-08
2.0387e-07
2.13832e-07
1.46584e-07
2.57388e-07
4.08903e-07
6.68675e-08
1.6336e-07
2.67253e-07
2.13448e-07
2.39259e-07
2.048e-07
2.18131e-07
1.90381e-07
2.49159e-07
1.06424e-07
1.44612e-07
2.46717e-07
1.52538e-07
9.8869e-08
2.64668e-07
1.27898e-07
1.63597e-07
1.48178e-07
1.24863e-07
1.25452e-07
2.1903e-07
2.03928e-07
1.97544e-07
2.11425e-07
2.81153e-07
1.49139e-07
1.43712e-07
2.19239e-07
2.16933e-07
1.64659e-07
2.18774e-07
2.77432e-07
1.13792e-07
1.50658e-07
3.71405e-07
2.81227e-07
1.23738e-07
8.26124e-08
5.06024e-07
1.49038e-07
2.42837e-07
9.68844e-08
1.69144e-07
2.45802e-07
1.48813e-07
1.20544e-07
2.36938e-07
2.27736e-07
1.41844e-07
1.39352e-07
1.12366e-07
1.8116e-07
2.21863e-07
1.4279e-07
2.31209e-07
1.74086e-07
1.97281e-07
1.38689e-07
2.53369e-07
2.89956e-07
9.74077e-08
2.76126e-07
3.81503e-07
1.18323e-07
2.07409e-07
1.55151e-07
1.57624e-07
1.60926e-07
1.38359e-07
2.12758e-07
1.61419e-07
1.91079e-07
2.15185e-07
1.10269e-07
3.42288e-07
2.23243e-07
1.09203e-07
1.16021e-07
1.14366e-07
2.80184e-07
1.69392e-07
2.61346e-07
2.63106e-07
1.59469e-07
3.22112e-07
1.31239e-07
3.53742e-07
2.13235e-07
4.13539e-07
2.33631e-07
1.28801e-07
2.22158e-07
1.82454e-07
1.08912e-07
1.25518e-07
2.09824e-07
1.96936e-07
9.21788e-08
2.24786e-07
1.96513e-07
1.5912e-07
1.58624e-07
2.63768e-07
2.14057e-07
1.0023e-07
1.00559e-07
3.00627e-07
1.11102e-07
1.17754e-07
3.98934e-07
2.58931e-07
2.15305e-07
1.33681e-07
1.49736e-07
1.27463e-07
3.5735e-07
1.52406e-07
9.85899e-08
2.04781e-07
2.32581e-07
1.99242e-07
1.25797e-07
2.01734e-07
2.40992e-07
1.29871e-07
9.81016e-08
2.09847e-07
2.27205e-07
1.31169e-07
2.06138e-07
1.30727e-07
2.16022e-07
2.47574e-07
2.07556e-07
1.85846e-07
8.80236e-08
9.14384e-08
1.68756e-07
1.92637e-07
1.66876e-07
1.52519e-07
1.23401e-07
2.11138e-07
1.54647e-07
1.54069e-07
2.26821e-07
1.54631e-07
1.3127e-07
1.73159e-07
2.65854e-07
2.42372e-07
9.97877e-08
1.73163e-07
1.66283e-07
6.96064e-07
7.58718e-08
2.87424e-07
9.41091e-08
1.65872e-07
2.35387e-07
2.35364e-07
2.23259e-07
1.61388e-07
2.2741e-07
2.043e-07
2.00184e-07
1.92602e-07
1.72853e-07
1.5579e-07
1.05869e-07
2.0958e-07
1.19378e-07
1.71078e-07
1.92106e-07
1.61391e-07
2.29251e-07
1.54252e-07
3.62521e-07
1.17091e-07
2.38771e-07
1.72958e-07
3.63021e-07
2.9832e-07
1.5805e-07
2.74653e-07
1.30212e-07
1.35154e-07
1.89001e-07
3.50369e-07
8.06821e-08
1.46573e-07
1.01881e-07
8.14108e-08
1.75097e-07
1.73981e-07
1.61539e-07
1.48743e-07
1.87191e-07
1.60104e-07
1.46282e-07
1.86482e-07
2.98572e-07
1.17734e-07
2.38081e-07
1.23758e-07
1.05051e-07
1.18734e-07
1.70613e-07
1.21812e-07
2.85351e-07
1.23312e-07
1.19316e-07
1.45243e-07
2.56047e-07
2.81246e-07
7.86782e-08
1.6057e-07
1.57143e-07
3.79847e-07
2.55357e-07
2.36996e-07
1.32293e-07
3.20554e-07
2.80401e-07
2.14847e-07
1.46658e-07
1.84454e-07
1.72663e-07
2.10266e-07
9.95706e-08
1.97176e-07
1.81916e-07
1.74237e-07
2.19972e-07
6.62512e-08
1.89001e-07
1.67306e-07
1.35402e-07
2.43981e-07
2.85576e-07
2.50578e-07
2.62326e-07
1.3839e-07
1.34231e-07
1.85993e-07
1.17893e-07
9.8652e-08
1.74357e-07
1.38689e-07
2.26507e-07
2.92285e-07
3.17534e-07
3.10197e-07
1.59581e-07
1.71117e-07
1.41088e-07
1.67287e-07
1.44487e-07
1.60922e-07
1.29409e-07
2.01072e-07
1.33731e-07
1.54182e-07
1.96017e-07
9.74155e-08
1.51251e-07
1.67992e-07
2.34189e-07
1.30235e-07
2.44151e-07
2.35096e-07
2.47903e-07
1.81028e-07
1.79144e-07
3.08747e-07
1.04129e-07
3.01383e-07
1.64969e-07
1.49964e-07
3.18771e-07
1.26366e-07
2.30426e-07
1.92904e-07
1.6419e-07
