2.35166e-07
7.04464e-07
8.21961e-07
3.09061e-07
7.57493e-07
1.59011e-06
2.51884e-07
3.67312e-07
3.56501e-07
6.8042e-07
6.20778e-07
1.3873e-06
9.36087e-07
9.35471e-07
4.38897e-07
1.8073e-07
3.97841e-07
2.88169e-07
2.3752e-06
1.68171e-06
1.61283e-06
4.62584e-07
4.12082e-07
3.54598e-07
1.38231e-07
1.88005e-07
2.81071e-07
8.26915e-07
2.57822e-07
1.49954e-06
3.82173e-07
2.01818e-06
3.12162e-07
6.76656e-07
5.72907e-07
2.29678e-07
1.61922e-07
8.50106e-07
3.89782e-07
1.3091e-06
1.26844e-06
3.40462e-07
1.00632e-06
1.49357e-06
6.61e-07
2.13247e-07
4.0179e-07
7.18476e-07
8.70557e-07
3.97112e-07
5.30975e-07
7.80533e-07
2.74432e-07
1.019e-07
5.03144e-07
1.60658e-06
2.53808e-06
5.76942e-07
7.78735e-07
3.8791e-07
1.05904e-06
4.31792e-07
1.32649e-06
7.89925e-07
6.66547e-07
1.0878e-06
3.33621e-06
1.46681e-07
5.33688e-07
2.54582e-07
2.01188e-07
1.00781e-06
1.71431e-06
5.13555e-07
1.62539e-07
1.56666e-07
4.78279e-07
1.96712e-06
3.66176e-07
1.02994e-06
6.23782e-07
7.60792e-07
4.76957e-07
4.1957e-07
1.31317e-06
4.766e-07
5.47824e-07
6.76125e-07
7.79564e-07
2.66815e-07
6.39926e-07
2.76141e-07
4.15388e-07
7.04898e-07
1.25346e-06
1.46371e-06
3.86844e-07
5.87803e-07
1.09763e-06
5.28719e-07
1.05496e-06
1.80311e-07
4.2495e-07
3.27027e-07
6.07835e-07
5.77865e-07
4.16245e-07
4.43331e-07
2.92041e-07
1.76729e-07
3.60734e-07
1.55633e-06
2.52446e-06
1.57635e-07
7.24174e-07
1.26509e-06
3.25415e-07
5.5553e-07
2.43236e-07
1.21725e-06
4.5794e-07
1.68372e-06
4.89713e-07
3.33667e-07
5.943e-07
2.46966e-06
2.70707e-07
1.49979e-06
3.00921e-07
8.28117e-07
1.43403e-06
1.74275e-06
1.87241e-07
1.0243e-06
1.80276e-07
7.6635e-07
3.19484e-07
9.70682e-07
3.92042e-07
5.41642e-07
7.55125e-07
1.38076e-07
2.7616e-07
1.0074e-06
4.42552e-07
3.79871e-07
2.19363e-07
6.18142e-07
1.64155e-06
1.32584e-07
1.25045e-06
2.51582e-07
4.01116e-07
4.39513e-07
4.39405e-07
6.98479e-07
9.74011e-07
3.59021e-07
5.10749e-07
3.80161e-07
1.86559e-06
4.39633e-07
4.70747e-07
2.60648e-07
2.23468e-07
1.96428e-07
2.24325e-07
3.69785e-07
1.07697e-06
1.58676e-06
1.39316e-06
1.83055e-06
1.29739e-06
2.8394e-07
2.82354e-07
3.88328e-07
9.98237e-07
2.69672e-07
1.45848e-07
3.01441e-07
1.03389e-06
2.97875e-07
3.1324e-07
2.37697e-06
2.59206e-07
4.95655e-07
9.19187e-07
2.59629e-07
8.94721e-07
2.82517e-07
4.87713e-07
2.733e-07
2.89107e-07
1.73018e-06
6.12886e-07
3.19329e-07
5.94904e-07
9.65457e-07
3.30923e-07
1.94145e-07
4.82159e-07
2.12681e-07
8.90914e-07
6.48527e-07
2.06304e-07
3.93457e-07
8.17709e-07
5.67666e-07
8.28415e-07
3.81681e-07
7.16189e-07
5.70527e-07
9.62026e-07
5.46584e-07
7.7468e-07
8.41005e-07
5.23699e-07
7.61331e-07
8.106e-07
4.57688e-07
3.65738e-07
6.05428e-07
8.04941e-07
5.04125e-07
4.49715e-07
1.65315e-06
1.36024e-06
6.35794e-07
1.9078e-07
8.7822e-07
4.63452e-07
2.94653e-06
7.95732e-07
3.73056e-07
2.95731e-07
6.10893e-07
1.86505e-07
2.6999e-07
4.24493e-07
3.20996e-07
1.79664e-07
2.2195e-06
7.24577e-07
1.49383e-06
4.02496e-07
3.49904e-07
2.94958e-06
4.10147e-07
5.84784e-07
8.31954e-07
1.07216e-06
1.51985e-06
9.33378e-07
4.69111e-07
6.43015e-07
7.57598e-07
9.42758e-08
3.7958e-07
1.88292e-07
1.02809e-06
2.45174e-07
4.55653e-07
7.37895e-07
1.58298e-07
1.19391e-06
8.48482e-07
1.35738e-06
9.69348e-08
3.45768e-07
1.20808e-06
2.56008e-07
4.81263e-07
9.56371e-07
5.12811e-07
5.19625e-07
1.50908e-06
8.9845e-07
3.94573e-07
2.6523e-07
4.37459e-07
5.39491e-07
3.65862e-07
1.65457e-07
3.46385e-07
9.42901e-07
6.90021e-07
3.18314e-07
2.23383e-07
4.41862e-07
3.55284e-07
3.49662e-06
1.8723e-07
4.79263e-07
1.06135e-06
7.8106e-07
6.65276e-07
2.87405e-07
8.90054e-07
1.19756e-06
2.09917e-07
1.25651e-06
8.05383e-07
3.72595e-07
4.84837e-07
7.2348e-07
2.8949e-07
1.71989e-07
2.35135e-07
3.02336e-07
1.37713e-06
3.30124e-07
1.63915e-07
7.45749e-07
7.15437e-07
8.89604e-07
4.23322e-07
7.09828e-07
2.53185e-06
8.42086e-07
7.58648e-07
3.73432e-07
2.34523e-07
1.84912e-07
6.3486e-07
1.77032e-07
1.00099e-06
1.85548e-07
5.06342e-07
3.16368e-07
8.80856e-08
7.72134e-07
8.32404e-07
2.77928e-07
2.09591e-07
4.50052e-07
1.87136e-06
1.42138e-06
2.74567e-07
7.3217e-07
1.69314e-06
2.09874e-07
6.98731e-07
5.36735e-07
1.94292e-07
2.38907e-07
7.29825e-07
6.88661e-07
4.78069e-07
2.17286e-07
1.85306e-06
5.88276e-07
2.17917e-07
8.55219e-07
8.11124e-07
3.12883e-07
1.06725e-06
1.62825e-06
9.01295e-07
7.27422e-07
9.0557e-07
1.87207e-07
1.06617e-07
4.05911e-07
5.91858e-07
1.66167e-07
1.54867e-06
1.77807e-06
9.88714e-07
5.3796e-07
2.0428e-06
1.52177e-06
2.18196e-07
7.20205e-07
1.80148e-06
1.2573e-06
1.32736e-06
1.38584e-06
1.56262e-06
2.19914e-07
1.92261e-07
9.98199e-07
4.04492e-07
3.78499e-07
5.84931e-07
9.39324e-07
7.64129e-07
2.57528e-07
1.09284e-06
1.36607e-07
1.91393e-07
1.65706e-07
3.46858e-07
1.73635e-06
3.22294e-07
8.50533e-07
1.54813e-06
2.21635e-07
4.50347e-07
7.24418e-07
2.65171e-07
3.44218e-07
2.94448e-07
1.98193e-06
6.5219e-07
1.8228e-07
1.12702e-06
6.36398e-07
9.99427e-08
5.10354e-07
4.64367e-07
6.15723e-07
8.49284e-07
2.54873e-07
1.04749e-07
4.54463e-07
1.37398e-07
1.07559e-06
2.21562e-06
4.18675e-07
5.56693e-07
1.81929e-06
1.76842e-06
1.57033e-06
9.97109e-07
5.18218e-07
5.35355e-07
3.50513e-07
1.49108e-07
2.4074e-07
1.80792e-07
1.1245e-06
3.8667e-07
1.52391e-07
1.42394e-07
4.40261e-07
1.21057e-06
1.66485e-06
4.85112e-07
3.38326e-07
6.33266e-07
8.58165e-07
2.83041e-07
3.03344e-07
3.48416e-07
2.53724e-06
2.36005e-06
3.29675e-07
2.60047e-07
2.43182e-07
1.46968e-07
1.95362e-07
2.94436e-07
6.26251e-07
1.0068e-06
1.8033e-07
6.83308e-07
2.99863e-06
5.75837e-07
1.32805e-06
8.77623e-07
2.50551e-07
7.56858e-08
7.76335e-07
4.5068e-07
2.36996e-07
3.46563e-07
5.81559e-07
3.94922e-07
1.63841e-07
4.99993e-07
1.19372e-06
2.97239e-07
3.30744e-07
5.76306e-07
3.68533e-07
7.06026e-07
2.16549e-06
8.95949e-07
8.42579e-07
7.946e-07
6.08199e-07
7.18852e-07
9.03775e-07
5.75523e-07
1.81898e-06
1.97002e-07
3.85096e-07
4.46091e-07
1.31843e-06
4.60146e-07
1.15469e-06
2.21381e-06
1.48373e-06
3.72338e-06
1.16128e-06
4.31819e-06
5.49557e-07
7.28787e-07
9.08597e-07
3.13623e-06
1.82369e-06
2.29166e-07
2.75094e-07
6.78804e-07
1.93393e-07
1.89869e-06
7.43303e-07
4.00186e-07
1.56178e-06
8.59231e-07
3.20899e-07
1.73628e-07
5.34099e-07
1.14674e-06
5.98048e-07
1.62337e-07
3.13713e-07
6.84885e-07
3.28078e-07
2.09882e-07
1.01753e-06
2.14797e-07
6.30065e-07
5.50615e-07
2.80994e-07
3.93433e-07
6.65214e-07
4.34897e-07
2.73482e-06
1.14434e-06
3.38314e-07
1.96017e-06
9.88935e-07
1.19629e-06
6.39166e-07
1.41756e-06
4.74034e-07
1.73333e-06
6.34309e-07
3.48505e-07
3.59606e-07
9.80163e-07
1.22628e-06
4.67704e-07
7.07096e-07
1.8642e-07
6.19316e-07
4.90318e-07
7.86987e-07
2.63881e-07
4.93671e-07
2.7711e-07
1.85129e-07
4.16597e-07
1.43739e-07
6.80676e-07
1.12208e-06
1.19891e-06
1.16267e-06
1.5267e-07
6.8642e-07
8.8065e-07
1.77069e-06
1.11822e-06
4.06066e-07
4.24032e-07
1.1302e-06
1.84923e-06
1.23052e-07
5.64604e-07
2.86607e-07
7.03278e-07
9.51944e-07
2.77769e-07
5.72717e-07
2.00234e-07
1.1604e-07
2.22511e-07
9.56336e-07
1.15909e-06
5.02675e-07
4.13806e-07
4.68906e-07
5.8064e-07
2.92522e-06
6.16584e-07
9.9178e-07
1.87834e-07
1.05062e-06
1.39271e-06
5.84931e-07
1.71508e-06
6.24499e-07
8.7703e-07
1.99936e-06
8.68665e-07
1.29537e-07
2.47279e-07
2.73831e-07
3.08294e-07
2.53741e-07
3.14394e-06
1.33887e-06
1.44579e-06
5.41778e-07
1.59165e-06
9.04888e-07
1.61382e-06
3.71246e-07
1.87497e-07
2.69776e-07
8.54168e-07
3.90447e-06
1.19932e-06
2.63594e-07
9.93163e-07
5.29335e-07
1.45524e-06
1.15631e-06
6.31057e-07
4.23935e-07
7.85378e-07
1.6361e-06
1.48167e-06
7.2617e-07
9.86229e-07
9.12652e-07
4.55025e-07
3.14554e-07
7.21612e-07
4.07481e-07
4.3142e-07
1.05878e-06
4.77713e-07
1.82446e-06
5.87443e-07
1.78884e-07
9.41928e-07
3.40443e-07
1.18927e-06
2.80823e-07
2.84277e-07
8.27652e-07
1.039e-07
1.7383e-07
3.50381e-07
6.16421e-07
9.51712e-08
5.33808e-07
2.42318e-07
5.79516e-07
6.39833e-07
1.88683e-07
5.6869e-07
2.1184e-06
7.43609e-07
1.27425e-06
2.9434e-07
4.89589e-07
2.35306e-07
1.77318e-06
4.26706e-07
2.02269e-07
2.65292e-07
8.38265e-07
2.38225e-06
3.8208e-07
1.99959e-07
3.10251e-07
1.04891e-06
6.57582e-07
6.53578e-07
3.83247e-07
1.23151e-06
1.22507e-06
7.93561e-07
9.49638e-07
2.02196e-07
6.56388e-07
1.24066e-06
2.53624e-07
1.32235e-07
2.5188e-07
1.44615e-07
5.06718e-07
5.90633e-07
3.76704e-07
1.84567e-07
1.05313e-06
1.1689e-06
1.35661e-06
3.80006e-07
1.7421e-07
4.55448e-07
1.5084e-06
1.95456e-06
2.33779e-07
7.14251e-07
2.06413e-07
6.79486e-07
1.26664e-06
6.73985e-07
2.49597e-07
5.28463e-07
1.50257e-06
4.99551e-07
1.10519e-06
1.35254e-06
1.23221e-06
1.11772e-06
3.34524e-07
4.84221e-07
1.21269e-06
1.2651e-07
1.16466e-06
2.98696e-07
4.98923e-07
7.44144e-07
7.96131e-07
5.05295e-07
8.99643e-07
6.80199e-07
7.6461e-08
1.15364e-06
4.90845e-07
2.04921e-06
4.02356e-07
3.09786e-07
2.92475e-07
3.65591e-07
3.14697e-07
1.48512e-06
8.20268e-07
2.9868e-06
4.5765e-07
5.45092e-07
3.95577e-07
2.53082e-06
3.45431e-07
1.5227e-06
8.50916e-07
1.68157e-06
1.42692e-06
8.92701e-07
8.757e-07
2.011e-06
2.55832e-06
4.61301e-07
1.90854e-06
3.24919e-07
9.07062e-07
1.12091e-06
4.28257e-07
1.50512e-06
8.71549e-07
4.47165e-07
3.57501e-07
5.32642e-07
3.71049e-07
1.44611e-06
2.17278e-07
6.82924e-07
1.17957e-06
7.22949e-07
8.11275e-07
1.54157e-06
1.51899e-07
3.42198e-07
2.11836e-07
3.90662e-07
3.68649e-07
9.55518e-07
5.05059e-07
2.48048e-06
4.40521e-07
2.96002e-07
5.85768e-07
3.50544e-07
4.22132e-07
5.56278e-07
1.2484e-06
1.46437e-06
1.4808e-06
5.27149e-07
1.34653e-06
3.34349e-07
3.29992e-07
1.05314e-06
3.86514e-07
2.80533e-07
7.47485e-07
8.76573e-07
6.04222e-07
2.74629e-07
2.86989e-06
2.49384e-07
4.5132e-07
1.24815e-06
7.83433e-07
4.38443e-07
6.07343e-07
3.24143e-07
2.27743e-07
1.58085e-07
3.10654e-07
5.5596e-07
9.54189e-07
2.23868e-06
1.38191e-06
1.63118e-06
1.79528e-07
1.32223e-06
2.1251e-07
3.33938e-07
2.3374e-07
7.38426e-07
4.17617e-07
4.75499e-07
4.97004e-07
9.25121e-07
6.98611e-07
1.57144e-06
3.46877e-07
1.99246e-07
4.62014e-07
1.46115e-07
1.04431e-07
1.97265e-07
5.99614e-07
8.33067e-07
5.24234e-07
6.3541e-07
1.44484e-07
1.151e-06
4.63084e-07
8.80201e-07
8.63258e-07
1.64733e-06
1.14469e-06
7.78832e-07
9.72151e-07
1.73664e-06
5.46662e-07
5.71236e-07
7.03545e-07
8.09252e-07
8.92942e-07
5.39867e-07
1.61989e-06
1.12831e-06
1.48113e-06
4.57785e-07
7.36236e-08
6.62e-07
7.68982e-07
1.94066e-06
4.43393e-07
5.88423e-07
2.8063e-07
9.99102e-07
8.41001e-07
4.43928e-07
7.48404e-07
1.27608e-06
1.12573e-06
2.05388e-06
9.01485e-07
8.98202e-07
2.04505e-06
6.17316e-07
5.18152e-07
9.99369e-07
1.03056e-06
9.44359e-07
1.76482e-06
9.60162e-07
1.38991e-06
1.38912e-06
1.49817e-07
1.10472e-06
7.51206e-07
6.87955e-07
2.45147e-07
5.12524e-07
6.17076e-07
1.09195e-07
2.59574e-07
8.4835e-07
7.56412e-07
8.49044e-07
1.45359e-06
7.49299e-08
1.01871e-06
4.48238e-07
6.37325e-07
1.94711e-07
2.16006e-07
8.87337e-07
2.38826e-06
1.09519e-06
1.70652e-07
1.71896e-07
6.98467e-07
7.79766e-07
1.4676e-06
3.82413e-07
2.33566e-06
6.21677e-07
4.78817e-07
2.46682e-07
2.16685e-07
1.49007e-07
1.10937e-06
4.174e-07
1.96971e-07
7.17228e-07
3.64426e-06
3.43388e-07
7.37977e-07
3.43435e-07
6.5355e-07
4.60103e-07
3.20507e-07
1.86621e-07
4.09031e-07
2.66009e-07
5.79496e-07
9.01841e-07
2.68648e-07
4.18291e-07
3.62157e-06
1.93641e-07
1.36532e-06
4.61898e-07
5.90582e-07
6.37809e-07
7.00448e-07
6.41937e-07
7.97425e-07
6.10785e-07
1.14252e-06
6.49542e-07
2.47508e-07
2.01155e-06
2.22669e-07
1.51054e-07
2.41151e-07
3.58757e-07
3.24674e-07
9.21013e-07
3.63494e-07
1.23014e-07
1.74795e-07
6.02025e-07
9.04861e-07
7.4233e-07
7.33388e-07
3.3088e-07
2.92921e-07
4.27284e-07
3.42016e-07
1.07482e-06
1.00383e-06
6.69679e-07
2.15169e-07
1.03916e-06
1.26881e-06
8.72363e-07
1.96153e-07
1.24082e-06
5.36413e-07
6.43337e-07
5.26506e-07
7.98902e-07
2.34751e-06
6.1311e-07
1.58399e-07
1.21308e-06
5.92358e-07
1.08148e-06
7.96588e-07
1.30646e-06
1.0576e-06
7.18391e-07
2.87564e-07
1.97699e-06
1.4047e-06
7.78339e-07
1.19887e-06
2.99212e-07
1.26028e-06
6.77823e-08
1.05231e-06
1.02901e-06
3.18232e-07
4.60351e-07
4.58638e-07
6.76482e-07
4.38505e-07
8.35381e-07
