2.7524e-06
1.99971e-07
4.10539e-07
1.277e-06
2.35736e-06
7.15557e-07
5.87943e-07
9.74763e-07
1.30462e-06
2.62334e-07
2.50133e-06
5.95183e-07
1.08582e-06
2.82579e-07
3.23515e-07
1.8084e-06
1.89494e-06
2.68629e-07
5.65085e-07
1.58838e-06
5.15997e-07
3.29213e-06
1.36104e-06
6.08397e-07
1.11896e-06
7.4966e-07
2.2441e-07
3.66308e-07
8.78689e-07
5.86598e-07
6.23801e-07
8.74189e-07
6.01753e-07
6.82622e-07
2.63633e-06
6.30425e-07
1.80443e-07
1.20339e-06
1.62895e-06
9.6917e-07
4.29404e-07
2.72521e-07
5.10338e-07
3.7487e-07
7.49811e-07
1.92005e-06
4.25071e-07
2.98864e-06
4.77433e-07
6.78687e-07
1.53915e-06
1.86199e-06
9.16547e-07
3.96228e-07
8.32082e-07
4.2221e-07
8.97674e-07
3.27252e-07
2.53291e-06
1.5603e-06
2.03464e-06
1.79774e-06
2.35197e-07
4.05915e-07
1.3005e-06
1.04012e-06
1.87328e-06
3.08781e-06
1.95222e-06
8.76573e-07
1.04496e-06
3.29722e-06
5.47503e-07
4.70743e-07
6.96386e-07
1.63892e-06
4.64987e-07
8.5718e-07
6.48577e-07
1.12526e-06
1.38011e-06
2.4981e-06
1.72418e-06
5.67709e-07
1.03185e-06
1.59501e-06
3.75405e-07
7.04033e-07
1.10896e-06
8.50354e-07
5.064e-07
4.8957e-07
2.40058e-07
6.50872e-07
1.35014e-06
8.99221e-07
1.09903e-06
1.00609e-06
4.49704e-07
3.30647e-07
1.5714e-06
1.10534e-06
7.55652e-07
5.17753e-07
7.82498e-07
5.91427e-07
1.0716e-06
4.33276e-07
1.30066e-06
5.28234e-07
1.54647e-06
6.36352e-07
4.3987e-07
4.44211e-07
2.41539e-06
1.72769e-06
9.99629e-07
1.44538e-06
1.70852e-06
5.8276e-07
1.58756e-06
1.24728e-06
1.32306e-06
2.37329e-07
2.26747e-06
2.43513e-06
1.77907e-06
4.97151e-07
5.69279e-07
9.53747e-07
1.49882e-06
7.24705e-07
8.11042e-07
4.18977e-07
9.56685e-07
7.14825e-07
5.71798e-07
2.0085e-06
4.28695e-07
3.79293e-07
5.51123e-07
9.80674e-07
7.77669e-07
3.50528e-07
1.8187e-06
1.30225e-06
3.91825e-07
7.61001e-07
1.15292e-06
2.27224e-07
8.30059e-07
1.32885e-06
6.4929e-07
4.74085e-07
2.97495e-07
8.28194e-07
6.32321e-07
1.67016e-06
7.06437e-07
3.32686e-07
2.55719e-06
7.85824e-07
7.54974e-07
5.40355e-07
4.9293e-07
9.20183e-07
1.85705e-06
3.79208e-07
1.97052e-06
9.08853e-07
6.29018e-07
1.85389e-07
8.24066e-07
7.48811e-07
4.68131e-07
8.16756e-07
8.2338e-07
3.88022e-07
3.42466e-07
6.73408e-07
8.95701e-07
8.63316e-07
1.18064e-06
9.77632e-07
6.77621e-07
1.50678e-06
1.51032e-06
2.55358e-06
1.31763e-06
8.48606e-07
8.3723e-07
9.34223e-07
7.9665e-07
4.57038e-06
1.12786e-06
2.18825e-06
7.76037e-07
9.10582e-07
3.40065e-06
8.65995e-07
6.58644e-07
1.81567e-06
7.8282e-07
1.26977e-06
7.93084e-07
3.29039e-07
8.76669e-07
5.48499e-07
1.00913e-06
1.5531e-06
6.49391e-07
6.3453e-07
1.74756e-07
1.86065e-06
4.34633e-07
1.25393e-06
1.391e-07
6.19297e-07
1.40961e-06
9.40893e-07
8.98818e-07
1.08397e-06
1.21436e-06
4.68983e-07
2.44004e-07
1.08515e-06
2.41666e-06
2.08146e-07
1.05006e-06
1.11202e-06
1.26483e-06
3.03925e-07
7.39896e-07
3.21869e-06
1.68979e-06
7.46787e-07
8.19558e-07
4.71801e-07
4.8536e-07
7.65843e-07
3.30624e-07
5.4979e-07
5.32769e-07
7.07479e-07
4.38908e-07
1.78281e-06
5.32351e-07
5.10606e-07
2.51871e-06
1.32552e-06
5.13524e-07
9.72263e-07
2.12785e-06
5.56891e-07
5.70178e-07
8.01081e-07
6.08141e-07
1.56636e-06
1.75601e-07
5.52472e-07
2.997e-07
1.15214e-06
3.17179e-06
5.6481e-07
6.84374e-07
1.18649e-06
1.63579e-06
3.8546e-07
2.5359e-07
1.01418e-06
2.88242e-07
5.59724e-07
1.44184e-06
2.23852e-07
7.81739e-07
3.46171e-07
8.14e-07
7.87975e-07
1.43506e-06
4.48207e-07
2.10591e-07
6.71594e-07
9.97776e-07
4.43037e-07
4.59425e-07
4.30175e-07
1.60729e-06
8.89139e-07
3.52916e-07
1.30092e-06
6.85416e-07
4.37583e-07
1.00555e-06
1.11637e-06
8.40288e-07
3.95414e-07
2.01928e-07
1.14893e-06
2.77602e-07
6.93277e-07
8.43257e-07
1.50886e-06
1.09968e-06
3.16895e-07
3.35031e-07
5.35188e-07
5.02458e-07
6.95851e-07
2.06076e-06
3.18631e-07
1.01828e-06
2.15161e-07
9.66868e-07
6.36995e-07
5.13544e-07
3.63746e-07
2.52117e-06
3.81608e-06
2.5423e-06
5.98242e-07
1.70884e-06
1.55452e-06
3.93588e-07
2.13365e-06
3.88487e-07
2.75832e-06
7.51985e-07
8.59374e-07
9.15435e-07
7.11479e-07
3.58194e-06
2.88696e-07
1.15251e-06
1.35938e-06
1.80938e-06
6.28336e-07
8.66169e-07
5.27475e-07
8.12573e-07
1.95265e-06
6.44666e-07
8.20035e-07
8.24012e-07
1.32115e-06
1.21719e-06
2.75571e-07
1.35571e-06
7.75545e-07
1.65727e-06
3.49489e-07
1.85573e-06
1.11516e-06
4.90911e-07
4.75999e-07
7.24348e-07
5.91179e-07
9.5232e-07
1.06169e-06
7.02161e-07
1.1297e-06
1.4703e-06
1.49981e-06
5.02989e-07
1.14783e-06
8.2195e-07
5.42669e-07
5.11606e-07
1.58139e-06
1.00229e-06
5.71296e-06
2.24675e-06
4.40664e-07
6.04998e-07
1.71813e-06
2.31547e-06
9.29277e-07
5.21137e-07
1.50819e-06
9.90206e-07
1.00371e-06
1.16265e-06
9.33354e-07
7.9158e-07
9.56824e-07
4.87508e-07
2.30981e-06
4.46432e-07
5.89892e-07
1.4398e-06
1.57229e-06
3.43241e-07
1.73613e-06
7.84909e-07
5.44561e-07
1.15893e-06
1.15643e-06
3.59292e-07
4.6491e-07
6.59768e-07
1.43322e-06
6.71997e-07
1.5766e-06
5.49352e-07
8.36307e-07
2.35197e-07
5.12664e-07
2.66123e-06
1.10292e-06
6.66667e-07
8.84988e-07
1.37537e-06
9.20679e-07
8.49974e-07
2.70974e-06
2.55515e-06
1.45004e-06
2.87871e-06
1.4126e-06
9.70422e-07
1.69448e-06
5.98629e-07
4.20574e-07
2.74645e-07
1.71809e-06
6.85269e-07
8.33854e-07
3.3095e-07
2.59031e-06
1.06091e-06
1.9685e-06
2.28926e-06
9.73228e-07
7.93638e-07
2.37647e-07
2.84648e-06
3.89162e-07
1.85762e-06
1.21612e-06
1.62729e-06
3.92065e-07
3.28388e-07
1.40881e-06
4.06639e-07
1.35327e-06
1.17771e-06
1.90338e-06
6.10145e-07
1.81276e-06
1.67091e-06
1.05284e-06
1.57584e-06
2.06361e-06
7.36709e-07
9.77636e-07
9.56921e-07
3.96996e-07
3.66719e-07
1.19551e-06
1.6311e-06
1.14937e-06
1.00711e-06
7.71269e-07
1.3253e-06
2.20594e-06
4.40372e-06
5.44627e-07
8.36741e-07
6.88486e-07
8.18822e-07
5.61147e-07
1.6133e-06
3.94542e-07
4.65464e-07
2.03293e-06
4.30253e-07
1.19646e-06
2.39337e-06
4.09329e-07
4.35207e-07
7.80537e-07
1.59723e-06
1.1526e-06
3.62215e-07
3.61486e-07
7.40562e-07
1.78398e-06
1.82502e-06
1.97661e-07
1.14338e-06
1.43884e-06
3.53986e-07
1.5321e-06
1.57001e-06
1.88769e-06
1.0584e-06
3.81346e-06
4.339e-07
6.15971e-07
4.15535e-07
4.72778e-07
6.65659e-07
1.23203e-06
6.42065e-07
7.47939e-07
2.52895e-06
4.30625e-07
2.36702e-06
1.00742e-06
6.14487e-07
9.9407e-07
4.59262e-06
2.33349e-06
1.10224e-06
9.44607e-07
7.31333e-07
1.36189e-06
9.62813e-07
4.09488e-07
1.05244e-06
5.54778e-07
8.01945e-07
1.2383e-06
1.53839e-06
8.90992e-07
2.87707e-07
5.50107e-07
1.42844e-06
6.26898e-07
1.90083e-06
4.02682e-07
4.03019e-07
7.63222e-07
6.36406e-07
5.91598e-07
3.28995e-06
2.25264e-06
5.44584e-07
6.16615e-07
7.44415e-07
1.43181e-06
6.05052e-07
3.34601e-07
1.81328e-06
2.07928e-07
7.24728e-07
1.01398e-06
1.52237e-06
4.75868e-07
1.94026e-06
5.57755e-07
1.24678e-06
8.14159e-07
5.27339e-07
7.06514e-07
5.57871e-06
9.15043e-07
6.0135e-07
3.36066e-07
2.06638e-06
9.00826e-07
1.18903e-06
2.45225e-06
3.23492e-07
2.28933e-07
2.5679e-06
1.92693e-06
1.17753e-06
1.18173e-06
1.75085e-06
3.28839e-06
4.10911e-07
6.0585e-07
5.86253e-07
1.98989e-06
8.53986e-07
2.44501e-06
8.53289e-07
8.1012e-07
1.62514e-06
2.63691e-07
2.39523e-07
1.69974e-06
4.90919e-07
2.0594e-06
8.49816e-07
4.55398e-07
9.12784e-07
1.05946e-06
2.20328e-07
2.83835e-07
9.62379e-07
1.41983e-06
7.38861e-07
4.80294e-07
1.52544e-06
1.8271e-07
2.19073e-06
1.8871e-06
1.64915e-06
1.27232e-06
3.4334e-06
1.31813e-06
3.77258e-07
7.91433e-07
5.30502e-07
4.81724e-07
4.78178e-07
4.12706e-07
5.30021e-07
3.44622e-06
3.77754e-07
2.98793e-07
3.00615e-06
1.23039e-06
3.46485e-07
3.41857e-07
1.64345e-06
1.097e-06
2.51951e-06
7.04937e-07
1.5613e-06
4.95756e-07
5.58802e-07
7.43155e-07
4.10423e-07
1.11201e-06
6.21754e-07
1.49926e-06
1.27886e-06
7.87696e-07
1.0488e-06
1.81851e-06
1.08926e-06
1.00586e-06
1.45475e-06
1.02479e-06
9.82097e-07
3.75298e-06
3.52831e-07
1.07202e-06
2.72492e-06
1.06871e-06
7.06723e-07
2.93871e-07
4.36753e-07
5.22157e-07
7.94778e-07
4.1533e-07
1.46932e-06
4.09655e-07
3.04926e-06
1.1769e-06
4.9126e-07
9.58111e-07
6.94777e-07
6.35639e-07
1.34403e-06
2.72866e-06
5.5058e-07
7.42113e-07
8.87267e-07
1.80069e-06
8.26136e-07
1.10147e-06
7.74905e-07
7.01638e-07
1.68713e-07
1.93425e-06
7.81014e-07
1.98988e-06
1.52615e-06
6.55729e-07
4.2792e-07
7.47873e-07
1.89376e-06
5.37464e-06
1.18929e-06
2.14276e-06
2.10363e-07
6.19793e-07
2.19914e-07
4.02864e-07
5.40797e-07
1.3707e-06
5.39402e-07
3.91522e-07
3.89123e-07
1.1125e-06
2.09761e-06
4.80709e-07
6.45864e-07
6.2446e-07
4.72108e-07
1.18315e-06
1.91206e-06
1.13159e-06
1.76792e-06
2.25218e-06
6.99987e-07
1.08026e-06
1.97943e-06
1.68676e-06
5.92691e-07
1.02692e-06
1.40837e-06
4.57971e-07
1.51354e-06
1.08728e-06
3.02761e-06
1.11691e-06
1.39703e-06
1.15685e-06
4.70836e-07
1.12729e-06
2.919e-06
3.77592e-07
1.38779e-06
1.10628e-06
3.40874e-06
2.81471e-07
4.29121e-07
6.02602e-07
1.80551e-06
2.10891e-06
7.4964e-07
6.11056e-07
6.12665e-07
5.97269e-07
6.65714e-07
1.20829e-06
6.91451e-07
5.49732e-07
1.71428e-06
6.10781e-07
2.12017e-06
1.76159e-06
1.11487e-06
1.96823e-06
4.22764e-07
2.22495e-07
2.042e-07
4.6222e-07
8.03174e-07
3.98627e-07
6.16394e-07
3.17942e-06
2.5183e-07
3.36188e-06
2.13812e-06
9.95163e-07
2.8849e-07
4.91419e-07
1.65952e-06
2.27891e-06
7.66672e-07
8.90965e-07
1.86199e-07
1.89071e-06
9.09047e-07
1.08707e-06
1.69062e-06
6.46232e-07
1.21888e-06
5.5691e-07
1.87625e-07
3.86212e-07
2.53082e-07
5.28339e-07
5.40119e-07
1.39406e-06
1.04579e-06
7.75692e-07
4.9781e-07
5.09474e-07
7.43725e-07
2.10494e-07
9.5296e-07
1.5011e-06
1.87357e-06
3.14081e-07
6.59857e-07
1.43836e-06
3.86728e-06
1.82072e-06
3.19519e-07
3.19077e-06
1.15974e-06
4.09446e-07
9.83853e-07
4.18419e-07
1.01247e-06
5.11939e-07
1.79004e-06
7.59668e-07
8.09267e-07
2.10841e-06
1.99038e-06
1.79198e-07
7.67292e-07
6.2015e-07
1.25463e-06
7.19019e-07
1.5064e-06
2.4953e-06
1.17832e-06
8.49288e-07
6.59485e-07
4.11128e-07
3.43148e-07
2.55318e-07
4.19268e-07
8.83786e-07
1.26353e-06
3.70343e-07
3.23577e-07
1.61658e-06
3.6123e-07
4.95741e-07
1.48083e-06
5.48596e-07
1.82107e-06
6.08835e-07
8.43478e-07
1.74478e-06
1.00447e-06
7.37713e-07
7.51388e-07
4.26768e-07
1.18919e-06
5.88071e-07
1.29675e-06
2.13231e-06
9.58503e-07
1.23059e-06
2.42837e-07
1.62407e-06
9.65623e-07
2.29154e-06
3.53269e-07
1.05287e-06
2.77873e-06
6.44294e-07
3.61946e-06
2.41551e-06
2.36808e-06
5.16137e-07
1.28711e-06
2.81309e-06
2.27715e-06
5.21354e-07
2.7418e-07
2.07193e-06
2.17011e-06
2.73075e-07
5.69368e-07
3.47799e-07
4.00523e-07
3.39694e-07
4.46409e-07
6.26665e-07
8.44459e-07
8.65045e-07
1.49405e-06
5.1885e-07
1.20051e-06
1.35302e-06
1.47025e-06
1.98966e-06
1.93568e-06
2.29022e-07
3.3225e-06
1.87365e-07
9.79453e-07
7.98957e-07
3.3966e-07
8.99717e-07
1.2595e-06
8.59471e-07
3.63366e-07
1.23907e-06
4.19834e-07
1.03805e-06
1.57627e-06
9.61115e-07
9.05012e-07
1.05074e-06
9.59856e-07
1.91188e-06
1.84382e-06
1.10712e-06
6.2158e-07
9.54933e-07
3.67155e-06
6.65679e-07
7.77145e-07
9.7705e-07
1.13946e-06
2.1395e-06
1.03391e-06
4.16217e-07
8.93507e-07
6.81943e-07
2.8789e-07
9.14943e-07
6.90878e-07
1.22297e-06
1.59039e-06
6.6062e-07
2.05101e-06
1.27331e-06
1.62354e-06
4.10961e-07
4.54704e-07
1.09086e-06
6.85242e-07
1.76333e-06
2.93843e-07
6.89075e-07
1.63665e-06
2.36124e-07
5.44867e-07
1.84523e-06
2.30354e-06
6.43538e-07
1.29268e-06
9.03504e-07
3.92875e-07
9.91272e-07
1.39603e-06
1.24059e-06
4.18958e-07
4.47986e-07
2.31147e-06
7.24949e-07
6.04048e-07
1.1614e-06
6.53012e-07
5.09718e-07
1.99436e-06
7.37047e-07
1.79688e-06
3.03605e-06
1.15242e-06
2.71816e-06
4.86643e-07
1.46106e-06
1.5698e-06
4.35617e-06
4.88996e-07
4.22303e-07
1.25369e-06
1.11686e-06
2.39752e-06
3.12554e-07
1.34439e-06
7.23073e-07
1.44318e-06
7.41035e-07
4.10752e-07
2.38975e-06
1.0904e-06
3.52393e-07
8.28935e-07
1.57683e-06
5.32359e-07
1.95971e-06
4.01081e-07
5.10237e-07
1.41721e-06
5.21358e-07
4.54649e-07
5.28731e-07
9.44979e-07
6.0373e-07
8.20818e-07
1.03486e-06
2.00014e-06
1.72101e-07
1.56154e-06
1.20368e-06
1.36356e-06
3.97166e-07
1.3952e-06
1.16387e-06
1.10885e-06
1.58651e-06
1.30914e-06
1.62117e-06
1.78898e-06
3.16134e-06
1.47559e-06
5.11803e-07
5.44123e-07
3.78929e-07
1.9725e-07
3.20587e-06
1.66864e-06
2.30517e-06
9.28505e-07
5.38131e-06
