0.00359709
0.00190608
0.0039609
0.000590382
0.000371836
0.00437201
0.00713879
0.00587521
0.00436544
-0.00360541
0.000776565
0.00808992
0.00530822
2.01272e-05
0.00035275
-0.00119983
0.00569884
0.00796309
0.0043564
-0.00192577
-0.00223857
-0.00280068
0.00334442
0.00518743
0.00821999
0.00465741
0.00633165
0.00594489
0.00135785
0.000686828
0.00181383
-0.00299345
-0.00436554
0.00201914
0.00701307
0.00802827
-0.00270215
0.00271152
0.00273982
-0.00555881
0.00760299
0.00550671
0.000452269
0.000886945
0.000281102
0.00638402
0.00531806
0.00148409
-0.00060124
0.000477312
0.00641113
-0.00681447
-0.00624308
0.000119239
-0.00733167
0.00335664
-0.00414252
-0.00362459
0.00181321
0.00431506
0.00479268
-0.00545533
0.000631893
-0.000230432
0.00465772
0.00426705
0.00618395
0.000396531
0.0041218
0.000179552
0.00357692
0.00713353
-0.00508379
-0.00722071
-0.00125574
0.00723106
0.00674006
-0.00710373
0.00118128
-0.0060711
-0.00397066
0.00829792
0.00667825
0.00755256
0.00539017
0.00031262
-0.00442285
0.00269962
0.00480801
-0.000271217
0.00106464
0.00343298
0.00514188
0.00259656
0.00641107
-0.00275319
0.00513366
0.000366453
0.0056055
0.00165279
0.00119206
-0.00502386
0.00522619
0.00443258
0.00495003
0.00710889
0.00478388
-0.00570445
-0.00564009
0.0047497
0.00740108
0.00206786
-0.00440922
0.00270175
0.00309615
-0.00694963
0.00133113
0.000394807
0.0026953
0.000591169
0.00750132
0.00728763
0.00230953
0.000758594
-0.00387542
0.00520168
-0.00486228
0.000598091
-0.00436348
-0.00365902
-0.000682955
0.00172181
0.00175224
0.00153603
0.00293309
-0.00281747
0.00585729
0.00233146
0.00731556
0.00337433
-0.000656865
0.00295752
-0.000564345
0.00370393
0.00523122
-0.00200035
-0.0082503
0.00441273
0.00584909
-0.00406062
-0.00591384
0.00339781
-0.00472324
0.000663964
0.00190935
-0.00679224
0.00361403
-0.00604194
0.00830431
0.00704701
0.00159474
0.000772764
-0.00786806
0.00118807
-0.00348883
0.00619593
1.92054e-05
-0.00409562
-0.00221941
0.00632548
0.00832119
0.000160408
2.44059e-05
0.00138367
0.00291997
0.00632787
0.00401261
-0.00311999
-0.00319696
0.00189256
0.000654576
-0.0054428
0.00126417
0.000481232
0.00148534
0.000589304
0.00039753
0.000107047
0.0061933
0.00615677
0.000950396
0.00672065
0.0066916
0.00266787
0.00228976
0.00149921
0.000832756
-0.00365358
0.00369744
0.000941902
0.00564153
0.00103247
0.000449903
0.00416285
0.00110741
0.000119121
0.00330357
0.00257677
-0.00372672
0.00096951
-0.00440607
0.00278045
0.00265238
0.00571909
0.00680578
0.000128468
-0.00527935
0.00157237
0.00499769
0.0019024
0.000825368
0.000810301
0.00660179
9.69058e-05
0.00624499
0.00132769
-0.00472969
0.00352879
0.00203143
0.00690432
0.00702149
0.00632684
0.00622283
0.00398091
-0.00249508
0.00707961
0.00430188
0.00409578
-0.00582746
-0.00184041
0.000555063
0.00214154
0.00422867
-0.00504026
-0.00804185
0.00212488
0.00210104
0.00176581
0.00660999
0.0067239
-0.00603711
0.00110549
-0.00447023
0.00366661
-0.000532845
-0.00147228
0.00305804
0.00246403
-0.00588008
0.00611383
0.00405626
-0.00759877
0.00702779
0.00297817
-0.00557557
0.00664496
0.00486729
0.00744928
-0.00394263
0.00232848
0.00375194
0.000536295
0.000525571
0.00759657
-0.00242244
-0.00364243
0.00275949
0.00788628
0.00415413
0.000460923
0.00330168
0.00108121
0.00297031
0.00782314
-0.00558684
-0.00383347
0.00719594
-0.00557477
0.00499523
0.00276869
0.00371884
-0.00361943
0.0040204
0.00151465
0.00294739
-0.000825226
-0.00457652
0.00169598
0.000532609
-0.00340792
0.00722731
0.00301299
-0.00796725
0.0015647
-0.00347475
0.000841974
0.000383272
0.00076593
0.0019602
-0.00714549
0.00141271
0.00135008
0.00494528
0.00453339
-0.00220644
0.00206722
-0.00734332
-0.00550742
0.000817428
-0.00830544
0.000633493
-0.00403479
0.00266453
0.00183896
0.000648061
-0.00326185
0.00084625
0.00185086
0.00664188
0.000346345
0.00421088
0.000498389
-0.00117019
0.00228952
-0.00700929
-0.00460154
0.00652934
0.00325789
0.0039609
0.00730752
-0.00373411
-0.00673502
-7.7149e-05
0.00635045
0.00350312
-0.00137116
0.0024264
0.00615263
0.00232072
-0.00727122
0.000280337
-0.000112493
0.00019342
0.0020475
0.00291344
0.00422267
-0.00544242
-0.000330373
0.00315381
0.00197515
0.00143334
-0.00295444
0.00464546
0.0013665
0.00720276
0.00594672
0.00294312
0.0002582
0.00241114
0.00151561
0.00316039
0.00452405
0.00085844
0.00273282
0.0026512
-0.00621732
0.0005892
0.00380728
0.007247
0.00539889
-0.00587154
0.00821425
-0.00461718
-0.00811911
0.00212091
0.00417123
0.00288976
0.00161601
0.00105387
-0.00685948
0.00585747
7.86986e-05
0.000548373
0.00303567
0.000560705
-0.00231938
0.00751771
0.0053175
0.000690228
-0.00548813
0.00259294
0.00309017
0.00260816
0.00380776
-0.00375157
0.000167709
0.00163389
0.0020962
0.00283862
0.0021254
0.00471224
-0.00590869
0.000804795
-0.0074155
0.00401089
-0.00646719
0.00470247
-0.00819866
0.00508538
0.00338674
-0.00301697
-0.000712477
0.00334256
0.00399703
-0.00121735
-0.00276101
0.00231979
0.00726508
0.00218174
-0.00233801
0.000153314
0.000561697
0.00345779
-0.00819661
-0.00738889
0.00122846
0.000705277
-0.00766528
0.0026784
0.00258071
0.00583384
-0.0034549
-0.0082571
-0.00425412
-0.00646481
0.00665297
-0.00276143
0.00310829
-0.00416203
0.00502974
-0.00637471
-0.00640347
0.00506426
0.00384547
-0.00729134
-0.00172571
-0.00375858
-0.00633723
0.00792175
-0.00537599
-0.00260903
-0.00128029
0.00533196
0.00634777
0.00724286
0.00101865
0.00229508
0.0052424
0.00412862
-0.00462993
-0.00569042
0.00371385
0.00474809
-0.00522084
0.00207701
-0.00437578
0.0032711
0.00730291
0.00124423
-0.00506479
0.00196117
2.36984e-05
0.0074612
0.00540895
0.00486304
9.96627e-05
-0.0081907
0.00332216
-0.00427472
0.00371732
0.00464367
0.004029
0.00251413
-0.00420396
0.00138298
0.00247546
0.00480353
0.00810714
0.000684979
0.00335925
0.000369323
0.00107922
0.00164283
0.000325712
0.00592743
0.000540816
0.00111395
0.00238147
0.00296509
-0.00786483
0.00016219
0.00136498
0.00187865
-0.0051842
0.00551638
0.000425242
0.00429558
0.00605189
0.000791647
-0.00782468
0.00744401
0.000348743
0.00694858
0.00321963
-0.00690716
0.00439827
0.00285133
0.00575548
0.001966
0.00162041
0.00344686
-0.00539979
0.00121923
0.00233531
0.00263884
0.0055532
0.00215251
0.00510489
-0.00151389
0.00527817
-0.000995257
0.00097443
0.00703367
-0.00669582
0.00518932
0.00531582
0.00369657
-0.00290618
0.00112648
0.00625283
0.00060545
-0.00494949
0.00590352
0.0020302
0.00325389
-0.00822687
0.00737128
0.00675715
0.00684425
0.000852312
0.00812801
-0.000458485
0.00350461
-0.00760782
-0.00515353
0.00732214
-0.00306197
-0.00346108
0.00431828
-0.00621142
-0.000612316
0.00685275
0.00543642
0.00617646
0.00134221
-0.00595454
-0.00696533
0.000467981
0.00384305
0.00800858
-0.00559017
0.00435495
-0.00557113
0.0064927
-0.000406326
-0.000742984
0.00795324
0.00191408
0.00570162
-0.00545361
0.00068035
0.00456114
0.000106033
-0.00738245
0.0015317
0.00124058
0.0060194
0.00824324
0.00687492
0.00205097
0.00447087
0.00713593
-0.00603011
0.00672562
0.00232276
0.0012292
0.00415633
0.00142604
0.00101039
-0.00440289
0.00363951
0.00602498
0.00383557
0.00360531
0.00122333
0.00153311
0.00387989
0.00267687
-0.00520126
-0.00451601
5.01936e-05
0.000299232
3.90018e-05
0.000395743
0.000648789
0.000910995
0.00256004
0.0024086
-0.00746542
0.0066848
0.00219921
0.00326994
-0.00472749
-0.000591715
-0.00292651
0.00177067
0.007894
-0.00629825
-0.00484952
0.00169088
-0.00651612
0.00315465
0.00146557
0.00273331
-0.00493091
-0.00130987
0.00692054
0.00523923
-0.007518
0.00464764
0.00416835
0.00228441
0.00210903
0.00261642
0.00492278
4.09336e-05
-0.006769
0.0031221
0.00393733
-0.00771647
0.00630494
-0.00429172
0.00211469
0.00550415
-0.00580892
0.007174
0.00330698
0.00316493
4.37306e-06
0.00123423
0.00109164
-0.00705544
-0.00519645
0.00122637
0.000283035
-0.00146762
0.00441579
-0.0060597
0.000633118
0.00367577
0.00804608
2.76789e-05
-0.00425331
0.00232934
7.6552e-05
0.00118199
0.00214882
0.00412987
0.00232957
0.000271703
-0.00646973
0.00344496
0.00119049
0.00214433
-0.00593506
0.00182205
0.00110296
0.00302264
0.00482065
-0.00493361
8.88208e-06
0.0044823
-0.00610896
0.00269012
-0.00229177
0.00611071
0.00332597
0.00293883
0.00371033
0.00116616
0.00574577
-0.00475925
9.21467e-05
0.00308617
0.00129131
0.000830996
-0.00526821
-0.00647164
0.00739343
0.00117674
0.000610431
0.000795947
0.00184176
0.00761432
0.00587488
0.00595394
0.00409748
0.00319213
0.00244331
-0.00179953
0.00375089
0.000269371
-0.00528354
0.0023064
0.00305465
0.0066539
0.000362483
0.000642836
0.00102528
-0.00724655
0.00105581
-0.0059732
0.000287876
0.00191244
0.00780629
-0.00476258
0.00176947
0.00677027
0.000903547
0.00381794
0.000812318
0.00391839
-0.0062656
-0.00438307
-0.00653982
0.00724437
0.00177891
-0.00304745
-0.00108481
0.00446585
0.00459856
0.00222422
0.0035826
0.00572753
0.00657331
0.00194006
-0.00141761
-0.00492104
0.00516476
-0.00040158
0.00196206
0.000709915
-0.00272874
0.00591068
0.00167335
0.00331727
0.000710962
0.00204286
0.000166818
0.0060212
0.0059263
0.00470324
0.00141837
-0.00651593
0.0071426
0.000893659
0.00610801
-0.00820901
0.00542863
0.00678568
0.0011851
0.00717464
-0.000926021
0.00249971
0.000966769
-0.00499364
0.0046844
0.00277875
0.00379198
-0.00673586
0.00180936
0.000641078
0.00205464
0.00212968
0.00207828
0.00328665
0.00471863
0.00252979
0.000793484
0.00803501
0.00435348
0.00192676
0.00155265
0.00675968
0.000750925
0.00454134
0.00777341
0.000595914
0.00056476
0.0050632
-0.00595825
0.00103393
0.00352143
0.00475317
0.00688264
0.00334785
0.00787679
-0.00745648
0.00356014
-0.000331431
-0.00801965
-0.00600602
0.00101798
0.0053579
-0.00390728
0.00707824
0.00165283
0.00433437
-0.00609602
0.00109588
0.00670217
0.000982788
-0.00208676
0.00105253
0.00117721
0.000380967
0.00142927
-0.00528924
0.00712788
0.00420237
0.00299177
-0.00315662
0.00495793
0.00444738
0.00357961
0.00583539
0.00261745
-0.00176863
0.000397621
0.00818688
0.00631034
-0.00260251
-0.00135742
0.00641553
0.0062623
-0.0042238
-0.00289713
0.0016221
0.0075587
0.000316301
-0.00155959
0.00759629
0.000443969
0.00741749
0.00070148
0.00149248
0.0038325
0.0011243
0.0014318
0.00538191
0.00785658
-0.00242979
0.00605304
0.00790461
0.00424759
-0.00312565
0.000364333
0.00179599
0.00795802
0.00589886
0.00422026
0.00228549
-0.00317105
0.00361823
-0.00666364
-0.00670353
-0.00628462
-0.00307497
-0.00697296
0.000725814
0.00104766
0.00421696
-0.000699323
-0.00237383
-0.00437889
0.00558626
0.0079323
0.00533565
-0.00293703
0.00576889
0.0040049
0.000977518
0.000631399
0.000143738
-0.00244865
0.00388299
0.00317553
0.00738351
0.00352147
0.00494275
0.00783208
0.000314515
-0.00253663
0.00345273
0.00577209
0.0024615
0.00638541
0.00500173
-0.00593236
0.000191264
0.00313651
0.000429712
0.005478
0.000689897
-0.00756829
0.00636631
0.000714252
3.00103e-05
0.00232705
-0.00716552
0.0035281
6.57952e-05
0.00591283
-0.00823304
-0.00235169
-0.00637939
0.00619596
-0.00615301
0.00106361
0.00435759
0.00102933
0.00445644
0.00226427
0.00774828
0.00053344
9.81242e-06
-0.0035294
0.000753186
0.00250725
0.00831866
-0.00475089
0.00493392
0.00608976
-0.00626244
0.00736681
0.00255807
0.00420782
0.00188612
0.00669711
0.00536516
0.00655086
-0.00797586
0.00103534
-0.00409575
0.00765075
-0.004379
0.000743307
-0.00443403
-0.00767623
-0.00456195
0.000462766
0.00254249
0.00303602
-0.00668577
0.00275782
0.00811352
0.00333692
0.00260148
0.00384779
0.00383476
0.00286014
-0.00743451
0.00190106
0.000251056
0.000819811
0.00509852
0.00486126
0.000990391
0.0025812
0.000207833
