4.31267e-05
0.000917428
4.25588e-05
0.00164499
0.000607367
0.00016296
0.00134901
0.000881375
0.000749721
2.33702e-05
0.000986395
0.00039706
0.00109631
0.00158043
0.000395853
0.00254996
0.000498172
0.00208522
0.00137533
0.0042555
2.05681e-05
0.00354267
0.00280035
0.000159767
0.000988643
0.00127287
0.000340024
0.00146311
0.00218337
0.00298952
0.00094088
0.00138369
0.00164339
0.0047608
0.00116522
0.0012978
0.0007961
0.000517752
0.000808471
0.000892351
0.00163646
0.000792817
0.000133898
0.00179412
0.00229883
0.00215458
0.00115999
0.00151275
0.00549549
0.000310969
3.80144e-05
0.00102969
0.000908928
0.000720554
0.00153836
1.58905e-05
0.000569254
0.00319914
0.00126184
0.00196278
0.000269898
0.000654492
0.000456435
0.000310326
0.000503802
8.03666e-05
0.00307033
0.00206551
0.00472392
0.00164846
0.000588307
0.00274748
0.000250909
0.00107486
0.00016472
0.00126875
3.52543e-05
0.00128648
0.000425961
0.000550442
0.000148617
0.0020792
0.00229539
0.000849985
0.00205117
0.00453777
0.000129327
0.000735944
0.00259866
0.00206261
0.00313932
0.00065921
4.76069e-05
0.00094257
0.00308152
0.00212064
0.000136471
0.000557284
0.00367741
0.00233745
0.00574071
0.00404733
0.000843721
0.00156353
0.00116358
0.000137346
0.00337559
0.00100843
0.00195764
0.00301532
0.00135096
0.00264208
0.000862854
0.000614746
0.00340088
9.9791e-05
0.000520652
0.000564408
0.0010602
0.000203709
0.000633541
0.00119089
0.000104941
0.000720336
0.000309479
0.00699806
0.00439793
6.17302e-05
0.000625674
0.00508273
0.00143697
0.00110861
0.00201848
0.00106714
0.00604847
0.00234473
0.000769862
0.00143756
0.00165924
0.000278937
0.00242791
0.00310852
0.000148132
0.000345777
0.000880994
0.000160585
0.0026436
0.00381857
0.00274441
3.06326e-05
0.00108865
0.000230743
0.00088915
0.00107719
0.000425427
8.72426e-05
0.000491643
0.00115098
0.00113831
0.000599146
0.0020952
0.00274758
0.00251275
0.00106587
8.86406e-05
0.000345125
0.000184852
0.000305366
7.9413e-05
0.000792592
0.000849005
0.00112966
6.04632e-05
0.0010409
0.00185568
0.0093886
0.00102907
0.00172027
0.00744506
4.8435e-05
8.89546e-05
0.00130036
0.00137478
0.00119698
0.000773777
2.20972e-05
0.000362129
0.00136178
0.00109251
0.000818401
0.000618099
0.00112304
0.00681681
0.000831403
0.000361421
0.000193403
0.00213927
0.00226722
0.00020539
4.57154e-05
0.000104863
0.00181361
0.00108243
0.00178174
0.000118769
0.00352113
0.000613655
0.0008071
0.000209033
0.00434112
0.000383905
0.000591326
0.000821413
0.00037129
0.00191166
0.000185723
0.000824218
2.9253e-05
0.00376486
0.00113874
0.00329781
0.00361117
0.000522915
0.000684383
0.00162002
0.000952225
0.00393921
0.000314027
2.19829e-05
0.000114003
0.00647996
0.000896127
0.00199273
0.00113988
7.24581e-05
0.00104235
0.00095328
0.000160643
0.00472682
0.00480364
0.00100422
0.00303228
0.000306999
0.00162138
8.03853e-06
0.00234906
9.32576e-06
0.000373754
0.00359501
0.000433872
0.00188794
0.000610627
0.000289585
0.00190562
0.00249023
0.00420435
0.00284552
0.00205856
0.00264803
0.000273604
0.00208694
0.000254251
0.000286697
0.00272931
0.000367139
0.00278351
0.000140966
0.000396482
0.000421592
0.00161222
0.0014875
0.00364618
0.00112782
0.00161927
2.43573e-05
0.000412859
0.00155403
0.000154085
0.0016075
0.00592727
0.0022518
0.000942721
0.000424948
0.00227935
0.000106242
0.000623344
0.00176507
6.25942e-05
0.00493887
0.00420206
0.00119189
0.00372661
0.00390669
0.00444024
0.00232178
0.00159917
0.000997244
3.77438e-05
0.00117942
0.000438799
0.000436272
0.00117632
0.000518613
0.00151985
0.00197044
0.000886815
0.00307715
0.000358469
0.00150309
0.00191877
0.00304187
0.000333663
8.80198e-05
0.00440353
0.00270295
0.00276434
0.00100227
0.0097148
0.000604111
0.00104926
0.00249575
0.00592937
0.000734254
0.000321968
0.00111283
0.00160466
0.00012456
0.00195938
0.00021819
0.00150224
0.00048196
0.000466669
0.00351418
0.000406356
0.00115469
0.00465104
0.00459544
0.00496368
0.00246595
1.57332e-05
0.00367044
0.00340389
0.000439435
0.00104364
0.000880842
0.00135107
0.00163654
0.0014016
0.000415775
0.000901734
0.00241458
0.00285841
0.00135562
0.00298961
0.000908906
0.00216259
0.00382752
0.000819273
0.00375242
0.0007089
0.00070729
0.000223439
0.00162859
0.00100974
0.000775954
0.00180288
0.00174838
0.00101896
0.00229107
0.000783729
0.00344062
0.00445746
0.0009887
0.00322416
0.00417624
0.00025488
1.57996e-05
0.00070228
0.00674828
0.00283383
0.0007717
0.00321801
0.00265861
0.00339351
0.00096873
0.00125714
0.00178519
0.00182431
0.00392931
0.00138308
0.00563897
0.000367682
0.00272245
0.00194152
0.00262176
0.000398705
0.000817733
0.00195544
0.000678414
0.00324778
0.00219231
0.00855785
0.00103005
0.000972853
0.000825956
0.000617228
0.0039424
0.00117154
0.000982905
0.000721586
0.000557782
0.00107377
0.00129193
0.00780034
0.00101685
0.00632653
0.00139656
0.00100425
0.00214644
0.00650402
0.00374307
0.000389344
0.0015874
0.000619516
0.0046717
5.52179e-05
0.00217809
0.00228697
0.00575575
0.00150821
0.000974619
0.000661775
0.0018717
0.00291403
0.00199951
0.00305276
0.00165009
0.000363993
0.00109114
0.00342302
0.000767223
0.00142027
0.00314938
0.00155175
0.00319653
0.00166594
0.000366437
0.000181551
0.00388636
0.00169504
0.00037578
0.00126553
0.000870874
0.000355041
0.00406512
0.000893576
0.000337648
0.000394505
0.00515084
0.00725582
0.00273154
0.000715768
0.000980969
0.00104113
0.00261742
0.00090346
0.000926806
0.00543836
0.00137601
0.00034707
0.00143667
0.000228358
2.97852e-05
0.000417379
0.00077209
0.00178048
0.000650121
0.000691486
0.00410508
0.00121937
0.00321026
0.000318622
0.00167273
0.00094361
0.000858053
0.00319619
0.000407424
0.00194936
0.00141351
0.000994168
0.000109399
0.0017333
0.000482721
0.00131301
0.00350352
8.13762e-05
0.000292746
0.000722857
0.000602142
0.00175598
0.000622084
0.00180616
0.000568495
0.00225807
0.0011594
0.000384962
0.000248716
0.000432574
0.00479402
0.00277535
0.00103539
0.00268351
3.82898e-05
0.00076762
0.000523795
0.000498759
0.00122509
0.000556285
0.00165899
0.000255099
2.32582e-05
0.00171131
0.00532089
0.00156264
0.00182031
0.000326619
0.0013058
0.000575602
0.000198883
0.00297999
0.00427389
0.0021043
0.0033883
0.00174268
0.000618941
0.0101918
0.000259358
0.00386413
0.00352328
0.00035732
0.00109911
0.000245044
0.00137153
0.00146658
0.00259304
0.00478999
0.0046904
0.00330365
0.000259526
0.00294417
0.00199276
0.00118203
0.00269372
0.00134595
0.00228328
0.000799578
0.000387664
0.00405496
0.00634672
0.00339084
0.00377504
0.00498325
7.40535e-05
0.00252235
0.000542464
0.00555082
0.00234916
0.000333103
0.00214912
0.00373485
0.000688156
0.00119215
0.000382395
0.00273376
0.00357282
0.000969964
0.000759092
0.00186843
0.0064147
0.00103072
0.000100419
0.00011179
0.00201219
0.00249944
0.00431318
0.000796505
0.000857818
0.000324402
0.00135558
0.0030683
0.00823459
4.32264e-05
0.000828043
0.000354409
0.000567614
0.00493831
0.00204398
1.85232e-05
0.00182087
3.85985e-06
0.00124778
0.000197397
0.000396107
0.000678728
0.00112376
0.000441386
0.000107193
0.00249321
0.000360983
0.00116526
0.00641792
0.00391663
6.05011e-05
0.00320177
0.000945579
0.000485877
0.00229807
0.000726814
0.000532714
0.0023008
0.00113266
0.00289698
0.000897038
0.000558605
0.0050965
5.7642e-05
0.00238668
0.003509
0.00105147
0.00316508
0.00287023
0.000882657
0.00061432
0.00142715
0.00120726
0.00277291
0.00125179
6.03079e-05
0.00228863
0.00205183
0.000110432
0.000762291
0.00187867
0.00164923
0.000185044
0.000502591
0.000448913
8.72779e-05
0.00319859
0.00115869
0.00275159
1.03235e-05
0.00127721
0.00249826
0.00231018
0.00104192
0.000134169
0.00170298
0.000811899
3.36056e-05
0.000235084
0.00185934
0.0019616
0.00161616
0.00466251
0.00157502
0.00138178
0.00191868
0.00212568
0.00328228
0.000880467
0.00524099
0.000964357
0.00139478
0.00100304
0.000549898
0.00160924
0.00080061
0.00103197
0.00339517
0.000264268
0.00174789
0.00285002
0.000545633
0.00098705
0.00128354
0.00108101
0.00104971
1.71238e-05
0.0025527
0.000770495
0.000516567
0.00125434
0.000345125
0.00339462
0.00180743
0.00189178
0.00250477
0.00103221
0.00122975
0.00277885
3.29423e-05
0.00136861
0.000257218
4.18807e-06
0.00198113
0.000393215
0.000896266
0.00371626
0.00261103
0.00541729
5.08457e-05
0.000489443
0.00188675
0.0017743
0.0038319
0.0016157
0.000171523
0.00105217
0.000721878
0.00148869
8.63146e-05
0.00119545
4.84337e-05
0.00114651
0.0016719
0.00137351
2.83335e-05
0.00112106
0.00300091
4.52801e-05
0.00222423
0.000534294
0.00317522
0.000568564
0.000905203
0.000187442
0.000884574
0.000384047
0.00445795
0.00128498
0.00341599
0.000793197
0.000205786
0.00276538
0.000610789
0.00333267
0.000838434
0.00153636
0.000528876
0.000917703
0.000924232
9.05094e-05
0.00327623
0.000393939
0.00106803
0.00256412
0.0042847
0.00044234
0.00120715
0.0051533
0.00176288
0.00244025
0.00536838
0.000132633
0.00139097
0.00169482
0.000137486
0.00328798
0.00194313
0.000980561
0.00100994
0.0056856
0.000388332
0.00129546
0.00324616
0.000297365
0.00018188
0.00113483
9.06663e-06
0.00298212
0.00239384
0.000122166
0.0018349
0.00410866
0.000617621
0.0040246
0.000527286
3.54988e-05
0.000389336
0.000372314
0.000659446
0.00508861
0.00129721
0.000547525
0.000386269
0.00149697
0.00113036
0.000367251
0.000709004
0.000309715
0.00010716
4.45068e-05
3.70688e-05
0.00160886
0.00083386
0.00249117
0.000808309
0.00198368
5.23901e-05
0.00120658
0.000349112
0.000128682
0.00147552
0.000921553
0.000671095
2.64672e-05
0.00218176
8.34332e-05
0.00243224
0.000840227
0.00124226
0.000361737
0.000584761
0.00015133
0.000610194
0.000209868
0.00094841
0.000255284
0.000197686
0.00417162
0.000606971
0.000579585
0.00405182
0.00122042
0.000683699
0.000349609
0.000894528
0.002949
0.0024345
5.91061e-05
0.000593879
0.000612001
0.00036577
0.00144244
0.000843605
0.000705722
0.000723889
0.00598468
0.00107443
8.36334e-05
0.00198041
0.000500462
0.000355088
5.39996e-05
0.0027659
0.000225959
0.000850027
0.00338801
0.00125389
0.000508549
0.000497012
0.00131042
0.00112609
0.00503839
7.25851e-06
0.00163798
0.000667235
0.000219687
0.0021858
0.00225766
0.000630586
0.00257056
0.000368698
0.000711785
0.00218572
0.0033354
3.27943e-05
0.000610698
0.00224932
3.95477e-06
0.000733403
0.00101685
0.000184336
0.000152068
0.000586785
0.00180732
0.00147865
0.00136143
0.00358923
0.000639036
0.00108612
0.000808288
0.00253086
0.00032689
0.00190318
0.0014464
0.00473654
0.00152048
0.00114767
0.000768896
0.000109327
0.00355488
0.000418361
0.000813842
0.00129631
0.00175804
0.000613676
0.0014045
0.000779016
0.000413167
0.00598329
0.000723099
0.00236806
0.0034534
0.00242788
0.00156471
0.000130481
0.0047783
0.00561098
0.000263578
0.00105874
0.000531108
0.000560977
0.00301476
0.0044055
0.00276846
9.61404e-05
0.000595936
0.000353951
0.00129342
0.00190408
0.000558468
0.000495225
0.000947932
0.000869516
0.00126172
0.00329253
0.00133238
0.00330616
0.000698552
0.000290431
0.00222208
0.00178665
0.0024818
0.00147021
0.00488826
0.00432639
0.00296322
0.00174746
0.000148412
0.00117004
0.00249504
0.000597651
0.00080538
0.00144573
0.00617289
0.000260069
0.00182521
0.000441592
0.000579816
0.000228383
0.00332837
0.000807826
0.00020583
0.000521893
0.000920447
0.00444997
0.000212567
0.00157315
0.00118413
0.00369567
0.000971703
0.00142658
0.00212392
0.0034683
0.00113715
0.000215835
0.00180089
0.000446629
0.000345124
0.00123765
0.000627619
0.00163554
0.00207902
0.000554346
0.00156013
0.000940672
0.000378323
3.53272e-05
0.000175639
0.00201449
0.000770146
0.00236378
0.000412945
0.00045321
0.00177219
0.000146135
0.000875716
0.000418885
