6.85032e-08
5.83051e-08
6.86079e-08
5.6805e-08
5.25645e-08
8.20582e-08
6.73985e-08
4.80759e-08
6.60807e-08
3.9184e-08
6.43248e-08
5.29482e-08
5.10993e-08
6.16812e-08
4.80255e-08
7.1422e-08
5.32816e-08
5.22389e-08
6.48442e-08
5.68554e-08
6.31735e-08
5.58011e-08
6.51e-08
7.54571e-08
6.18983e-08
5.86501e-08
7.25383e-08
5.55608e-08
6.99646e-08
6.58403e-08
6.25999e-08
6.1092e-08
5.23513e-08
3.75483e-08
1.01264e-07
8.21473e-08
7.03754e-08
5.81927e-08
6.99491e-08
2.85944e-08
6.65342e-08
6.94645e-08
5.88826e-08
8.73026e-08
4.35602e-08
7.18096e-08
4.91496e-08
7.58912e-08
7.19259e-08
6.88095e-08
5.60763e-08
7.17166e-08
6.02083e-08
5.51615e-08
6.48015e-08
5.83981e-08
6.15921e-08
9.01244e-08
6.75575e-08
1.0573e-07
5.2894e-08
5.41188e-08
7.09724e-08
6.61543e-08
7.8744e-08
5.81578e-08
6.53248e-08
6.1251e-08
4.85837e-08
6.93638e-08
6.4817e-08
6.47395e-08
5.08474e-08
7.74572e-08
4.84868e-08
1.09846e-07
5.47817e-08
6.09254e-08
5.66345e-08
4.71883e-08
6.6414e-08
7.11197e-08
6.56465e-08
1.03187e-07
6.82203e-08
7.55113e-08
5.4491e-08
5.8371e-08
9.67371e-08
8.93802e-08
6.19952e-08
5.31692e-08
5.46886e-08
7.09297e-08
6.6038e-08
5.27506e-08
8.53102e-08
7.81355e-08
8.63762e-08
5.04171e-08
8.02984e-08
8.28101e-08
6.63985e-08
4.01259e-08
1.0673e-07
6.68094e-08
6.8135e-08
9.09152e-08
5.65725e-08
7.65695e-08
7.36547e-08
6.15494e-08
5.02815e-08
8.44304e-08
7.58873e-08
3.39163e-08
4.80798e-08
7.12243e-08
6.18983e-08
5.13086e-08
5.52313e-08
6.57822e-08
5.76229e-08
9.81946e-08
5.06691e-08
6.88637e-08
3.98856e-08
6.67512e-08
5.01884e-08
6.23634e-08
5.94331e-08
6.06967e-08
7.67362e-08
6.17122e-08
5.74562e-08
6.12238e-08
5.715e-08
5.9654e-08
6.62047e-08
6.11773e-08
9.13687e-08
7.79649e-08
5.05489e-08
6.29797e-08
5.39057e-08
6.7352e-08
5.93633e-08
6.0937e-08
4.69518e-08
5.84175e-08
4.63472e-08
8.11473e-08
5.67081e-08
6.79877e-08
5.38359e-08
5.95687e-08
5.33979e-08
5.38088e-08
1.10738e-07
6.40224e-08
4.75488e-08
8.20271e-08
6.11696e-08
5.35297e-08
7.46043e-08
6.16735e-08
4.93783e-08
6.59489e-08
7.80967e-08
4.86961e-08
8.4787e-08
7.53485e-08
7.50772e-08
5.35064e-08
5.55414e-08
6.63326e-08
4.23082e-08
1.06505e-07
5.95416e-08
9.48223e-08
6.87785e-08
8.48567e-08
7.9558e-08
5.20761e-08
6.8573e-08
7.33988e-08
7.88022e-08
7.90968e-08
4.67464e-08
7.61238e-08
6.63946e-08
8.12015e-08
8.08992e-08
4.25369e-08
7.5709e-08
8.83569e-08
4.36765e-08
9.45277e-08
5.3518e-08
6.1282e-08
6.71388e-08
5.0828e-08
6.20184e-08
5.01187e-08
6.90924e-08
5.28165e-08
4.43781e-08
7.55191e-08
9.02989e-08
7.06468e-08
5.95532e-08
7.60811e-08
5.27428e-08
6.05843e-08
6.83715e-08
4.61689e-08
5.42816e-08
6.59799e-08
5.13086e-08
5.32118e-08
6.26309e-08
5.61732e-08
6.23595e-08
7.05654e-08
5.47855e-08
5.01187e-08
5.89408e-08
6.84335e-08
7.46314e-08
5.39134e-08
6.84219e-08
5.715e-08
7.55617e-08
5.43514e-08
7.33368e-08
7.6178e-08
5.59639e-08
8.71863e-08
5.27893e-08
4.21764e-08
6.36193e-08
4.95023e-08
6.87746e-08
7.07553e-08
5.48941e-08
6.2034e-08
5.44444e-08
7.39531e-08
1.09463e-07
5.76849e-08
5.88245e-08
5.32855e-08
8.0593e-08
5.32235e-08
7.117e-08
7.06584e-08
6.8763e-08
7.53524e-08
5.77624e-08
5.68864e-08
6.75962e-08
7.14026e-08
6.87862e-08
4.83628e-08
6.18324e-08
5.31266e-08
7.14608e-08
6.71854e-08
8.38257e-08
6.26851e-08
8.37869e-08
7.14646e-08
7.03018e-08
5.90416e-08
6.91661e-08
7.66742e-08
4.87155e-08
6.27937e-08
5.23048e-08
7.07824e-08
5.87043e-08
8.0686e-08
7.53447e-08
4.63084e-08
5.60763e-08
7.06158e-08
5.59561e-08
6.4879e-08
6.98677e-08
7.64145e-08
7.40113e-08
7.24414e-08
9.97257e-08
4.94868e-08
7.22709e-08
7.52633e-08
7.17553e-08
6.42511e-08
8.72948e-08
7.56741e-08
7.75502e-08
6.4817e-08
5.70725e-08
6.91816e-08
9.8621e-08
8.14806e-08
9.69503e-08
6.87126e-08
6.51039e-08
4.85488e-08
5.41847e-08
6.01269e-08
5.68748e-08
5.81423e-08
5.36731e-08
7.76665e-08
6.30069e-08
7.21778e-08
7.88332e-08
6.08478e-08
9.18765e-08
6.34643e-08
9.66868e-08
5.24482e-08
7.32089e-08
9.00585e-08
5.45917e-08
6.28983e-08
6.64334e-08
5.11924e-08
6.78753e-08
6.32704e-08
6.47279e-08
5.37661e-08
5.92121e-08
5.70105e-08
9.00624e-08
5.51809e-08
7.64416e-08
6.10572e-08
5.05218e-08
9.21594e-08
7.1391e-08
5.74252e-08
5.40374e-08
8.53413e-08
4.01104e-08
8.59072e-08
9.23881e-08
8.08643e-08
5.67081e-08
7.70037e-08
6.70807e-08
5.26963e-08
6.60884e-08
4.81069e-08
6.38868e-08
8.62987e-08
4.42502e-08
6.95653e-08
4.05252e-08
7.57982e-08
7.30345e-08
6.69528e-08
5.03202e-08
8.15698e-08
6.15494e-08
4.95062e-08
6.68094e-08
7.21895e-08
6.81079e-08
7.95232e-08
8.47908e-08
4.08043e-08
7.48601e-08
7.95464e-08
1.11486e-07
6.71078e-08
6.87552e-08
6.49178e-08
7.47128e-08
8.24031e-08
6.26348e-08
5.09985e-08
6.10727e-08
5.00644e-08
6.03943e-08
5.57972e-08
6.291e-08
5.86346e-08
7.68525e-08
6.0906e-08
6.03129e-08
4.30989e-08
5.97858e-08
5.3425e-08
8.54072e-08
8.84461e-08
6.7383e-08
6.55535e-08
1.1606e-07
4.8731e-08
5.2549e-08
6.6759e-08
6.03633e-08
6.21386e-08
6.12548e-08
7.52439e-08
5.53398e-08
5.90493e-08
6.88482e-08
5.94408e-08
7.94844e-08
5.77973e-08
5.47313e-08
8.11279e-08
6.56775e-08
7.49803e-08
7.14956e-08
5.8902e-08
5.21188e-08
5.74485e-08
7.51005e-08
5.55685e-08
7.43679e-08
6.39875e-08
7.66393e-08
9.84388e-08
5.80144e-08
7.37671e-08
5.59988e-08
6.11657e-08
5.97625e-08
6.64721e-08
7.77983e-08
5.56267e-08
4.65138e-08
7.77362e-08
7.38407e-08
5.86036e-08
5.23513e-08
6.02509e-08
6.83133e-08
4.75255e-08
6.74024e-08
6.17975e-08
4.02073e-08
5.25839e-08
7.21197e-08
5.22738e-08
9.16555e-08
5.41925e-08
5.90261e-08
6.09215e-08
7.4112e-08
8.77135e-08
6.02083e-08
6.01308e-08
4.54479e-08
7.6647e-08
7.19608e-08
5.59019e-08
6.2127e-08
5.06419e-08
9.61945e-08
5.52119e-08
6.69877e-08
5.82547e-08
5.28397e-08
6.0561e-08
5.51887e-08
6.06424e-08
7.47749e-08
6.84722e-08
4.19671e-08
5.4301e-08
8.13876e-08
5.715e-08
5.45607e-08
7.35229e-08
5.665e-08
5.43669e-08
6.93017e-08
6.43054e-08
6.02432e-08
8.0969e-08
7.6744e-08
4.98202e-08
6.69334e-08
4.59634e-08
6.122e-08
5.9185e-08
7.28755e-08
5.16536e-08
9.16516e-08
5.49832e-08
7.18755e-08
6.85188e-08
6.55923e-08
9.50471e-08
7.7744e-08
6.92242e-08
5.85725e-08
5.15451e-08
6.95033e-08
7.40694e-08
6.14099e-08
7.24724e-08
7.26197e-08
8.4159e-08
5.75919e-08
6.76893e-08
6.48946e-08
6.36891e-08
5.30258e-08
6.48442e-08
4.89791e-08
8.21473e-08
8.44342e-08
4.35137e-08
5.21498e-08
6.46814e-08
5.01032e-08
6.22665e-08
8.18954e-08
4.58239e-08
8.0655e-08
8.22171e-08
6.17394e-08
5.74872e-08
6.05416e-08
6.74141e-08
4.9607e-08
4.4506e-08
5.42739e-08
7.01777e-08
7.96511e-08
6.95459e-08
6.78055e-08
6.55535e-08
7.20073e-08
5.12931e-08
7.67866e-08
9.0795e-08
6.99452e-08
6.12122e-08
4.87077e-08
8.74189e-08
5.6274e-08
5.73593e-08
5.07233e-08
6.71621e-08
3.98003e-08
9.68263e-08
6.30107e-08
9.27215e-08
5.60453e-08
6.05688e-08
5.29909e-08
6.42085e-08
8.04883e-08
9.33804e-08
6.69799e-08
5.42235e-08
6.74606e-08
5.20994e-08
6.85071e-08
6.44178e-08
8.7946e-08
6.2627e-08
9.71364e-08
5.68322e-08
7.11545e-08
5.23591e-08
6.60962e-08
7.14142e-08
6.73908e-08
4.40796e-08
8.08643e-08
9.93729e-08
5.95842e-08
4.41959e-08
9.41207e-08
3.55366e-08
6.8887e-08
8.25427e-08
4.78085e-08
6.50031e-08
6.86157e-08
8.62056e-08
6.41077e-08
8.28915e-08
6.0906e-08
5.49871e-08
7.05809e-08
5.71112e-08
5.19017e-08
6.72009e-08
7.12049e-08
7.35461e-08
5.75105e-08
4.95954e-08
5.86966e-08
6.97281e-08
4.40912e-08
5.12621e-08
8.57715e-08
6.30146e-08
6.83947e-08
6.96932e-08
4.78279e-08
6.67047e-08
6.2565e-08
5.37119e-08
5.36498e-08
7.98759e-08
5.05412e-08
6.56039e-08
5.79911e-08
8.70739e-08
6.1061e-08
6.55729e-08
5.94214e-08
5.39677e-08
4.801e-08
6.35301e-08
7.93487e-08
6.3503e-08
4.59944e-08
5.63011e-08
6.74528e-08
5.91191e-08
4.87891e-08
5.72043e-08
8.91631e-08
7.98798e-08
5.83555e-08
5.57236e-08
4.7448e-08
8.01666e-08
9.89892e-08
5.43475e-08
8.01278e-08
5.33165e-08
5.94641e-08
1.33456e-07
8.13449e-08
5.02194e-08
6.06269e-08
6.43713e-08
6.05339e-08
3.43776e-08
7.02088e-08
8.17519e-08
7.54881e-08
6.5414e-08
8.85701e-08
5.32738e-08
7.97712e-08
7.48795e-08
7.3674e-08
6.78521e-08
1.01458e-07
7.20693e-08
8.92911e-08
5.46305e-08
6.88482e-08
5.89098e-08
6.19603e-08
8.69886e-08
4.17927e-08
8.99112e-08
6.53636e-08
5.25529e-08
7.27283e-08
7.02049e-08
6.76738e-08
5.49135e-08
6.20378e-08
8.1876e-08
6.50651e-08
4.26958e-08
7.08716e-08
6.36697e-08
3.69281e-08
4.8669e-08
6.59062e-08
7.19995e-08
1.06931e-07
3.72266e-08
5.84408e-08
7.3581e-08
6.76079e-08
9.14501e-08
5.06071e-08
6.2065e-08
6.35922e-08
4.65991e-08
4.67231e-08
6.8887e-08
5.96966e-08
6.99103e-08
6.60225e-08
5.7119e-08
7.49105e-08
6.18556e-08
5.96734e-08
5.65027e-08
8.56669e-08
6.56155e-08
7.75579e-08
4.30137e-08
6.31387e-08
5.94098e-08
6.66349e-08
6.36968e-08
6.49101e-08
9.08725e-08
6.53015e-08
6.81621e-08
7.52865e-08
4.93977e-08
8.52172e-08
6.12703e-08
6.13091e-08
6.45341e-08
7.13251e-08
6.47124e-08
6.40728e-08
7.66664e-08
4.04864e-08
8.57172e-08
5.97586e-08
4.96962e-08
7.68951e-08
7.52555e-08
7.26624e-08
5.08164e-08
5.67391e-08
1.34064e-07
6.25766e-08
6.26503e-08
7.72672e-08
7.08483e-08
9.0043e-08
6.5693e-08
8.50544e-08
6.46232e-08
7.92441e-08
6.51891e-08
8.31667e-08
4.6541e-08
5.81927e-08
7.95813e-08
5.9809e-08
6.2096e-08
7.95542e-08
5.70647e-08
6.948e-08
6.92785e-08
9.13144e-08
7.99263e-08
4.50486e-08
8.18295e-08
6.31852e-08
7.236e-08
7.18096e-08
5.65569e-08
7.1922e-08
8.31396e-08
6.44488e-08
5.42119e-08
5.76384e-08
6.40263e-08
5.41382e-08
4.89248e-08
6.36542e-08
8.17636e-08
5.22738e-08
7.52633e-08
6.56853e-08
6.33557e-08
5.49445e-08
8.41707e-08
4.1971e-08
6.87862e-08
8.29884e-08
6.84412e-08
4.59557e-08
8.00464e-08
3.72227e-08
5.3677e-08
6.69838e-08
5.64135e-08
8.13876e-08
5.39328e-08
7.89727e-08
5.00605e-08
7.20344e-08
4.75371e-08
8.88686e-08
8.07635e-08
7.1484e-08
7.07941e-08
6.78366e-08
6.89955e-08
6.15262e-08
7.08173e-08
5.56034e-08
6.88288e-08
5.63864e-08
5.53088e-08
8.88569e-08
7.73525e-08
8.56397e-08
5.39987e-08
6.76427e-08
4.87891e-08
7.02165e-08
5.52701e-08
6.0654e-08
7.16391e-08
4.94985e-08
6.77513e-08
7.5709e-08
4.68588e-08
8.94112e-08
5.76113e-08
9.59735e-08
8.31629e-08
5.87198e-08
6.27433e-08
4.77736e-08
5.93788e-08
6.40922e-08
7.41973e-08
6.36619e-08
7.5364e-08
8.1907e-08
7.91355e-08
6.4848e-08
5.64717e-08
7.04878e-08
6.36619e-08
7.43252e-08
7.04026e-08
9.38843e-08
8.07829e-08
5.34832e-08
6.35573e-08
6.66737e-08
5.71926e-08
4.10407e-08
6.59915e-08
8.62328e-08
7.12786e-08
5.96501e-08
7.01584e-08
6.68249e-08
7.73525e-08
6.55264e-08
4.95954e-08
8.4973e-08
7.19995e-08
5.15683e-08
7.29066e-08
7.17553e-08
5.64523e-08
6.65923e-08
4.86302e-08
4.10136e-08
7.1298e-08
4.91186e-08
4.35021e-08
4.6572e-08
6.99994e-08
6.50535e-08
7.94224e-08
7.09142e-08
7.6744e-08
7.30732e-08
6.4286e-08
5.51732e-08
5.80454e-08
5.60724e-08
7.53447e-08
7.07282e-08
9.32951e-08
4.80217e-08
7.12476e-08
7.53834e-08
6.82009e-08
1.09067e-07
3.34861e-08
5.07931e-08
5.75686e-08
7.39919e-08
7.58873e-08
6.96118e-08
5.615e-08
4.09632e-08
6.36193e-08
6.54488e-08
6.82978e-08
7.19608e-08
5.69252e-08
7.04142e-08
7.87479e-08
7.35616e-08
4.65681e-08
5.91695e-08
5.97431e-08
5.74562e-08
6.27278e-08
5.74833e-08
4.50448e-08
6.45883e-08
7.41973e-08
7.19802e-08
7.51702e-08
6.80459e-08
4.70642e-08
7.48214e-08
5.52468e-08
5.21188e-08
8.34381e-08
8.18411e-08
5.80144e-08
7.18871e-08
9.36052e-08
7.57672e-08
1.04579e-07
6.69412e-08
5.48941e-08
7.98914e-08
7.17205e-08
6.5162e-08
5.11071e-08
6.74451e-08
6.24061e-08
4.4223e-08
7.53718e-08
7.29569e-08
7.84805e-08
7.80812e-08
9.57797e-08
8.75739e-08
7.34647e-08
8.17054e-08
6.33596e-08
6.1844e-08
6.34177e-08
7.20267e-08
6.14564e-08
8.04069e-08
5.0328e-08
6.94762e-08
6.13207e-08
6.47395e-08
5.28475e-08
6.66892e-08
7.74998e-08
6.23673e-08
6.6821e-08
7.16236e-08
4.96458e-08
7.82479e-08
5.377e-08
5.97393e-08
8.67095e-08
4.89946e-08
9.83574e-08
7.42748e-08
5.97121e-08
6.99607e-08
6.29952e-08
4.80023e-08
9.80822e-08
5.60259e-08
6.42589e-08
6.36968e-08
5.58127e-08
5.815e-08
6.97746e-08
5.34599e-08
8.11628e-08
6.74606e-08
7.91162e-08
5.61306e-08
7.05227e-08
8.45777e-08
5.07737e-08
4.11376e-08
6.48597e-08
1.08687e-07
6.56853e-08
7.78564e-08
6.67667e-08
1.02121e-07
8.59304e-08
