6.12859e-08
5.88051e-08
4.87853e-08
5.29327e-08
5.79911e-08
5.51615e-08
5.81733e-08
5.87896e-08
6.27472e-08
3.70134e-08
5.953e-08
6.56775e-08
4.9669e-08
5.72857e-08
4.18004e-08
5.20218e-08
6.5193e-08
8.5787e-08
6.53015e-08
5.14443e-08
6.13789e-08
4.47269e-08
5.44018e-08
4.01337e-08
5.3956e-08
6.09292e-08
8.01007e-08
5.94989e-08
7.66626e-08
4.67542e-08
8.82484e-08
6.57938e-08
5.14521e-08
6.00649e-08
5.56732e-08
5.55414e-08
6.64644e-08
5.2925e-08
4.97349e-08
5.51383e-08
4.99714e-08
7.05499e-08
5.49096e-08
6.43596e-08
5.42506e-08
5.41809e-08
5.5774e-08
5.4522e-08
5.93361e-08
5.73089e-08
7.52826e-08
6.08711e-08
5.65104e-08
5.29521e-08
5.25723e-08
6.01463e-08
5.9592e-08
5.9092e-08
6.27743e-08
6.79451e-08
4.55293e-08
5.70647e-08
6.69179e-08
6.3786e-08
3.42109e-08
6.55109e-08
5.158e-08
5.1111e-08
7.69339e-08
6.0216e-08
4.36571e-08
4.41688e-08
5.37119e-08
3.76685e-08
4.39362e-08
4.31338e-08
4.65681e-08
5.25102e-08
6.04951e-08
6.20572e-08
7.27709e-08
4.76185e-08
6.25766e-08
5.19598e-08
4.20214e-08
6.68559e-08
6.22665e-08
4.76728e-08
7.84688e-08
5.63941e-08
9.18648e-08
5.0859e-08
5.38398e-08
4.51068e-08
4.08934e-08
5.97315e-08
5.7743e-08
5.66926e-08
6.57706e-08
5.39367e-08
5.24715e-08
4.99597e-08
6.64063e-08
5.68632e-08
6.80575e-08
4.42153e-08
8.47715e-08
8.2876e-08
7.12825e-08
8.38334e-08
4.60332e-08
6.27278e-08
6.57938e-08
6.70419e-08
7.28833e-08
7.43795e-08
5.34793e-08
4.68511e-08
7.98798e-08
5.47584e-08
5.25257e-08
5.6588e-08
5.77004e-08
8.34497e-08
9.41556e-08
4.50176e-08
5.96114e-08
5.73787e-08
7.04607e-08
6.98948e-08
5.93943e-08
4.2502e-08
5.49212e-08
5.61965e-08
5.55802e-08
5.953e-08
4.87155e-08
5.1704e-08
6.08323e-08
5.63089e-08
5.64058e-08
4.67503e-08
9.03299e-08
5.03939e-08
7.71975e-08
8.21085e-08
8.39652e-08
5.11458e-08
7.9434e-08
6.23208e-08
4.53084e-08
6.59566e-08
7.48563e-08
4.6603e-08
6.33286e-08
5.90067e-08
7.79145e-08
6.11734e-08
6.78986e-08
6.43209e-08
4.9231e-08
6.23557e-08
4.99752e-08
6.72357e-08
8.09379e-08
6.73559e-08
6.23751e-08
5.96462e-08
7.03599e-08
6.19215e-08
4.52773e-08
4.95295e-08
5.09482e-08
5.07078e-08
5.24986e-08
6.00532e-08
6.51271e-08
8.9512e-08
4.751e-08
6.03323e-08
7.74998e-08
5.57662e-08
5.76965e-08
6.21619e-08
5.96075e-08
7.00576e-08
6.39759e-08
7.28988e-08
7.99457e-08
5.84989e-08
4.54053e-08
5.20296e-08
4.94752e-08
4.28431e-08
4.17307e-08
4.82193e-08
6.11153e-08
4.64557e-08
5.53476e-08
4.60526e-08
5.23862e-08
7.20034e-08
6.02974e-08
6.49604e-08
4.5382e-08
5.78322e-08
5.2518e-08
4.62192e-08
5.69368e-08
5.63825e-08
5.66422e-08
6.64683e-08
4.55642e-08
6.391e-08
4.92504e-08
5.88671e-08
6.03517e-08
4.80565e-08
7.5523e-08
6.38247e-08
6.19177e-08
7.41392e-08
5.33359e-08
5.94834e-08
4.72038e-08
6.52473e-08
6.91544e-08
5.52972e-08
6.89219e-08
5.01729e-08
4.75992e-08
4.72426e-08
6.65729e-08
6.22084e-08
8.52366e-08
5.92237e-08
4.15717e-08
6.85343e-08
6.50031e-08
4.30486e-08
6.43829e-08
7.88603e-08
4.55409e-08
5.51654e-08
4.63239e-08
6.29565e-08
8.2031e-08
5.85532e-08
6.22045e-08
6.17394e-08
7.66897e-08
6.92281e-08
5.29172e-08
5.90842e-08
5.38824e-08
5.80958e-08
4.8479e-08
6.90227e-08
6.47511e-08
5.23436e-08
7.64571e-08
6.07975e-08
5.81617e-08
5.80919e-08
6.23208e-08
5.7464e-08
5.4677e-08
5.8464e-08
7.66005e-08
7.07475e-08
5.15141e-08
4.97039e-08
5.44367e-08
4.82387e-08
7.08018e-08
4.89132e-08
5.43553e-08
6.24487e-08
5.62275e-08
6.63559e-08
6.97901e-08
7.29104e-08
6.67357e-08
6.82242e-08
5.05412e-08
6.34953e-08
7.43097e-08
6.21464e-08
7.42322e-08
4.2564e-08
6.43441e-08
6.31503e-08
6.5162e-08
5.27661e-08
4.99171e-08
5.93206e-08
7.90696e-08
5.31459e-08
7.13173e-08
4.66262e-08
4.02306e-08
5.72585e-08
4.69092e-08
4.92582e-08
4.19051e-08
4.44168e-08
8.48684e-08
5.98866e-08
6.3003e-08
3.73196e-08
3.41605e-08
6.64218e-08
8.19147e-08
3.9622e-08
5.78903e-08
7.21158e-08
5.28087e-08
6.33712e-08
5.93478e-08
5.07117e-08
4.89907e-08
6.69295e-08
5.58476e-08
7.48446e-08
7.19491e-08
5.71384e-08
7.40151e-08
6.36891e-08
4.47386e-08
6.27472e-08
5.10877e-08
5.43475e-08
6.81389e-08
5.4739e-08
4.40796e-08
6.93172e-08
4.58239e-08
5.29715e-08
6.64721e-08
7.03561e-08
6.08827e-08
6.16773e-08
7.28135e-08
6.28169e-08
4.75604e-08
8.03837e-08
6.3379e-08
5.09249e-08
7.07359e-08
5.14947e-08
7.1984e-08
6.67435e-08
6.47007e-08
5.32118e-08
7.30577e-08
4.86457e-08
4.94985e-08
5.95997e-08
5.90532e-08
5.22428e-08
4.68666e-08
5.58437e-08
5.23823e-08
6.3441e-08
4.21919e-08
5.30684e-08
6.03827e-08
5.20025e-08
5.43514e-08
8.24148e-08
6.68675e-08
6.16967e-08
4.91729e-08
4.1878e-08
6.04253e-08
5.87082e-08
9.24075e-08
3.47265e-08
4.78899e-08
5.50646e-08
8.64537e-08
4.66534e-08
7.98139e-08
5.57623e-08
5.40336e-08
5.36692e-08
5.99873e-08
5.61771e-08
6.48597e-08
6.55186e-08
6.18285e-08
5.18474e-08
5.24831e-08
4.38044e-08
6.26774e-08
8.92562e-08
4.70061e-08
6.76505e-08
5.76345e-08
4.41339e-08
4.55022e-08
4.55409e-08
6.09176e-08
6.25068e-08
6.72047e-08
7.56664e-08
5.97276e-08
4.25989e-08
6.06308e-08
6.39139e-08
6.09835e-08
5.30839e-08
6.22316e-08
5.47584e-08
5.62275e-08
6.17742e-08
5.44444e-08
6.18208e-08
5.99059e-08
6.82746e-08
5.91036e-08
4.96613e-08
4.58859e-08
5.60957e-08
4.79596e-08
4.20485e-08
5.02698e-08
6.65846e-08
6.26968e-08
6.27433e-08
5.78283e-08
5.44987e-08
8.62715e-08
9.38843e-08
6.18401e-08
5.53437e-08
5.01807e-08
4.3975e-08
7.41314e-08
7.13987e-08
4.87543e-08
6.39139e-08
6.24409e-08
9.57681e-08
5.96191e-08
7.72789e-08
5.04559e-08
5.90028e-08
4.39556e-08
5.49328e-08
6.28751e-08
5.10722e-08
6.21929e-08
5.72934e-08
6.57667e-08
5.3208e-08
4.72968e-08
6.57163e-08
5.477e-08
7.4519e-08
7.31663e-08
6.61039e-08
6.3189e-08
6.36309e-08
5.38204e-08
5.37119e-08
4.95721e-08
7.53253e-08
6.26076e-08
5.0983e-08
5.69368e-08
5.83012e-08
6.38829e-08
6.30224e-08
5.31072e-08
4.94752e-08
5.20994e-08
5.21032e-08
4.92737e-08
5.1421e-08
6.53713e-08
8.66359e-08
5.17893e-08
5.59523e-08
4.10291e-08
4.97737e-08
6.0623e-08
8.00968e-08
6.59217e-08
7.17941e-08
6.03943e-08
6.60264e-08
4.81418e-08
5.05993e-08
4.29013e-08
6.77241e-08
5.88749e-08
5.94098e-08
5.50491e-08
5.50026e-08
5.20257e-08
8.31435e-08
8.4035e-08
5.52701e-08
7.80735e-08
6.24603e-08
9.12873e-08
6.77319e-08
5.06613e-08
4.5727e-08
5.0014e-08
5.36305e-08
5.90067e-08
4.99287e-08
6.15611e-08
4.83821e-08
6.41542e-08
5.6588e-08
5.10722e-08
4.64286e-08
6.46116e-08
5.97625e-08
4.33935e-08
6.30262e-08
5.94796e-08
6.44682e-08
6.56814e-08
7.39764e-08
6.09448e-08
7.39221e-08
4.72154e-08
6.4379e-08
4.35408e-08
7.52749e-08
5.36266e-08
4.91884e-08
5.7057e-08
5.02194e-08
5.10954e-08
5.07505e-08
6.7166e-08
6.43093e-08
6.39643e-08
5.7902e-08
6.29255e-08
7.41004e-08
4.70449e-08
5.29638e-08
8.02364e-08
6.59217e-08
5.61267e-08
5.0545e-08
4.01143e-08
4.89519e-08
3.00441e-08
5.99718e-08
6.63171e-08
5.97393e-08
6.63404e-08
4.58239e-08
7.58951e-08
7.18019e-08
4.31028e-08
6.19526e-08
5.59794e-08
7.95658e-08
4.90992e-08
7.1484e-08
5.82818e-08
5.73244e-08
6.52279e-08
4.55719e-08
5.52546e-08
5.48243e-08
4.35098e-08
6.91544e-08
7.3519e-08
6.17084e-08
4.9483e-08
4.05756e-08
6.3972e-08
5.40685e-08
7.3205e-08
6.45651e-08
5.63244e-08
6.19874e-08
5.46848e-08
8.79925e-08
4.78589e-08
5.08319e-08
6.6038e-08
5.67159e-08
6.76582e-08
5.70492e-08
4.89209e-08
5.00334e-08
7.13251e-08
5.41731e-08
5.06071e-08
5.48631e-08
5.79446e-08
4.8917e-08
6.39914e-08
4.83589e-08
5.1987e-08
5.94175e-08
5.33901e-08
4.68433e-08
5.02621e-08
5.86927e-08
6.89413e-08
5.01923e-08
5.19831e-08
7.81161e-08
7.8744e-08
5.84873e-08
4.58665e-08
5.84059e-08
5.25955e-08
4.10136e-08
5.87974e-08
5.2142e-08
6.03362e-08
4.83007e-08
4.4285e-08
5.40685e-08
5.25257e-08
5.78593e-08
5.52313e-08
5.75454e-08
6.19099e-08
5.48902e-08
6.26425e-08
6.03905e-08
5.25374e-08
6.20495e-08
5.38746e-08
5.45724e-08
4.79519e-08
6.36387e-08
4.66417e-08
4.36804e-08
7.46159e-08
3.94631e-08
5.35529e-08
8.32326e-08
6.19487e-08
5.45879e-08
7.76665e-08
5.77275e-08
5.49057e-08
5.73632e-08
5.78167e-08
5.98362e-08
6.6414e-08
6.10572e-08
4.83473e-08
5.74446e-08
6.13207e-08
6.52705e-08
7.87673e-08
7.16817e-08
7.93255e-08
5.87315e-08
6.94645e-08
5.30568e-08
6.41077e-08
6.01734e-08
4.67852e-08
7.62439e-08
1.02381e-07
5.34056e-08
5.26188e-08
4.88163e-08
4.91884e-08
5.57274e-08
4.74751e-08
5.7526e-08
5.78516e-08
5.65337e-08
8.76398e-08
4.73278e-08
8.38024e-08
7.0453e-08
4.57657e-08
6.52124e-08
4.27889e-08
6.29681e-08
5.68322e-08
5.91268e-08
5.63438e-08
3.77964e-08
6.08982e-08
5.50763e-08
5.02698e-08
5.6805e-08
6.27123e-08
5.2456e-08
5.94486e-08
6.06036e-08
4.59324e-08
4.15369e-08
5.35646e-08
5.42816e-08
5.37971e-08
4.88512e-08
4.74712e-08
4.29865e-08
6.25689e-08
7.66626e-08
5.57197e-08
7.18406e-08
6.11037e-08
4.04128e-08
5.34405e-08
5.21963e-08
5.60104e-08
3.99748e-08
6.51891e-08
7.22747e-08
4.5665e-08
4.07733e-08
5.8464e-08
4.25602e-08
5.39405e-08
4.85101e-08
5.85144e-08
7.41741e-08
5.5429e-08
4.6382e-08
4.85566e-08
6.71388e-08
5.52352e-08
5.60724e-08
7.19143e-08
4.16493e-08
5.2111e-08
3.69824e-08
5.92276e-08
5.23746e-08
7.00343e-08
5.71384e-08
8.15194e-08
6.75265e-08
8.86747e-08
5.03551e-08
5.19094e-08
5.94486e-08
8.34342e-08
5.05024e-08
5.30839e-08
5.596e-08
4.58781e-08
5.2425e-08
7.643e-08
5.97393e-08
5.40878e-08
6.13052e-08
6.66698e-08
5.94175e-08
7.60036e-08
6.36968e-08
6.42511e-08
5.01303e-08
4.64983e-08
5.58244e-08
6.81118e-08
4.99597e-08
6.0654e-08
4.72619e-08
5.18552e-08
5.73012e-08
7.03522e-08
4.16648e-08
7.41818e-08
5.70143e-08
5.70182e-08
5.7212e-08
6.1875e-08
5.3956e-08
5.60724e-08
6.85304e-08
5.41964e-08
5.49018e-08
4.86147e-08
5.77973e-08
5.74562e-08
5.56926e-08
4.68084e-08
4.25136e-08
6.65535e-08
4.19516e-08
5.13513e-08
4.61534e-08
5.615e-08
5.47429e-08
5.07117e-08
6.50535e-08
4.84325e-08
7.36973e-08
5.82896e-08
6.19719e-08
5.42157e-08
4.99791e-08
5.05218e-08
6.73792e-08
7.13987e-08
5.11768e-08
4.8855e-08
4.47075e-08
4.96884e-08
6.59295e-08
6.13091e-08
5.90764e-08
4.43664e-08
5.69639e-08
5.78477e-08
5.43824e-08
7.39144e-08
6.02354e-08
6.90924e-08
4.88008e-08
5.65569e-08
5.90416e-08
6.45767e-08
5.26343e-08
7.41818e-08
6.33131e-08
7.38175e-08
3.87538e-08
7.27786e-08
9.10818e-08
5.80105e-08
6.15029e-08
7.92983e-08
3.70987e-08
4.68666e-08
4.55487e-08
4.62503e-08
5.38165e-08
7.4364e-08
6.44759e-08
4.96574e-08
5.67585e-08
7.4833e-08
5.0076e-08
6.29022e-08
6.77396e-08
4.14981e-08
5.48514e-08
5.54096e-08
7.305e-08
5.03008e-08
5.45375e-08
6.52318e-08
5.06032e-08
4.82852e-08
7.5209e-08
5.39832e-08
6.35069e-08
5.16381e-08
4.7103e-08
6.32627e-08
5.52546e-08
3.63196e-08
5.75182e-08
4.7541e-08
6.79528e-08
6.56504e-08
7.50927e-08
4.57851e-08
8.52327e-08
4.95682e-08
4.38703e-08
5.73477e-08
6.12393e-08
5.66035e-08
6.66427e-08
6.47628e-08
5.07854e-08
6.85846e-08
5.83477e-08
6.98483e-08
7.40074e-08
6.69567e-08
4.99752e-08
5.54833e-08
5.18474e-08
4.94171e-08
5.44289e-08
3.44435e-08
6.33518e-08
6.45922e-08
7.49919e-08
6.52938e-08
7.72246e-08
5.82431e-08
6.32743e-08
4.56766e-08
5.93051e-08
5.59058e-08
9.73573e-08
6.09254e-08
7.74417e-08
4.63588e-08
6.24603e-08
4.83046e-08
7.14297e-08
5.36033e-08
5.17776e-08
6.82048e-08
5.44599e-08
5.78206e-08
5.65143e-08
6.26541e-08
5.86384e-08
6.62667e-08
3.24667e-08
6.27355e-08
5.92199e-08
6.39953e-08
5.10102e-08
4.98938e-08
5.82508e-08
4.46843e-08
3.96763e-08
7.20189e-08
7.24337e-08
4.38083e-08
7.21507e-08
6.57744e-08
6.38596e-08
4.07616e-08
5.96656e-08
6.57628e-08
6.30379e-08
6.07858e-08
5.94098e-08
5.76772e-08
8.16512e-08
1.03772e-07
9.3268e-08
5.03357e-08
4.48316e-08
8.89228e-08
4.8638e-08
5.96811e-08
5.87508e-08
6.94103e-08
4.9669e-08
5.48437e-08
3.91259e-08
6.49372e-08
8.27481e-08
4.96574e-08
6.74296e-08
3.6994e-08
7.0232e-08
4.97117e-08
3.43078e-08
5.46576e-08
6.47007e-08
4.88899e-08
5.79252e-08
6.83094e-08
5.67391e-08
6.42317e-08
5.82818e-08
7.28872e-08
7.78215e-08
8.24031e-08
6.66815e-08
5.69911e-08
5.84097e-08
5.7712e-08
6.31813e-08
5.86888e-08
5.12931e-08
6.01656e-08
6.22665e-08
4.00523e-08
5.67818e-08
6.23363e-08
5.82082e-08
3.95019e-08
6.07858e-08
4.70759e-08
4.52812e-08
4.89597e-08
5.54367e-08
7.51625e-08
6.16347e-08
5.17699e-08
6.18285e-08
9.76015e-08
5.37545e-08
6.50651e-08
5.715e-08
6.61272e-08
6.4003e-08
