1.39755e-07
8.41978e-08
6.45573e-08
8.40699e-08
6.70032e-08
1.27595e-07
1.48464e-07
8.92058e-08
1.08532e-07
7.72013e-08
8.62522e-08
6.78443e-08
7.54726e-08
4.53975e-08
8.77406e-08
8.38799e-08
7.02979e-08
1.14106e-07
9.77488e-08
1.173e-07
9.44347e-08
4.88124e-08
1.30979e-07
1.02997e-07
9.99892e-08
7.63098e-08
6.64644e-08
1.09079e-07
7.2015e-08
8.59925e-08
8.75855e-08
7.03367e-08
8.91903e-08
5.41344e-08
6.85149e-08
8.70545e-08
8.0403e-08
8.25e-08
8.36823e-08
7.1891e-08
9.40936e-08
6.1251e-08
6.92281e-08
1.02741e-07
6.16114e-08
1.08028e-07
1.06745e-07
9.51169e-08
1.03831e-07
5.5553e-08
7.85657e-08
6.59217e-08
7.7213e-08
5.81888e-08
6.40612e-08
1.03098e-07
8.91089e-08
6.71117e-08
1.15823e-07
6.30999e-08
6.42976e-08
9.21323e-08
6.62435e-08
8.5787e-08
6.42821e-08
8.63917e-08
8.27636e-08
9.74232e-08
7.39027e-08
5.79252e-08
8.09845e-08
8.92329e-08
8.89887e-08
5.64872e-08
1.02555e-07
8.2e-08
8.6446e-08
1.15164e-07
5.78361e-08
1.22731e-07
1.10746e-07
1.16688e-07
7.00421e-08
6.52124e-08
1.0002e-07
9.25548e-08
1.28665e-07
7.90774e-08
1.07726e-07
1.25099e-07
1.03505e-07
7.34027e-08
1.02408e-07
7.85386e-08
7.06623e-08
6.26464e-08
7.10034e-08
9.2078e-08
8.26357e-08
1.09277e-07
7.61858e-08
7.85231e-08
8.75197e-08
1.02675e-07
7.36081e-08
7.58447e-08
8.28373e-08
1.02152e-07
7.86626e-08
6.40185e-08
9.2799e-08
9.24114e-08
6.74993e-08
1.01637e-07
9.75085e-08
6.86195e-08
6.74644e-08
7.45035e-08
8.67832e-08
1.17858e-07
8.43916e-08
1.13436e-07
9.25276e-08
8.73065e-08
9.4834e-08
7.16119e-08
1.00338e-07
9.25276e-08
8.11395e-08
9.73263e-08
7.1108e-08
8.04185e-08
1.09513e-07
7.96937e-08
7.17747e-08
1.04579e-07
9.96016e-08
5.45879e-08
7.24065e-08
1.34785e-07
6.91389e-08
8.10387e-08
1.06284e-07
7.79184e-08
8.07713e-08
1.21087e-07
7.48873e-08
7.4647e-08
7.40578e-08
9.86132e-08
1.04741e-07
7.95774e-08
9.2923e-08
1.0835e-07
7.32632e-08
9.92993e-08
8.34342e-08
9.18648e-08
5.73477e-08
6.76272e-08
4.85721e-08
5.87586e-08
5.96191e-08
1.54201e-07
1.05381e-07
1.04303e-07
6.33712e-08
7.13367e-08
8.23411e-08
9.44773e-08
8.34536e-08
9.47526e-08
8.8636e-08
6.3348e-08
9.58534e-08
9.78225e-08
8.46978e-08
1.02454e-07
8.37598e-08
8.22597e-08
9.09772e-08
4.90217e-08
9.46208e-08
7.79378e-08
8.59382e-08
1.17347e-07
9.53146e-08
9.81713e-08
8.16473e-08
1.49131e-07
1.10288e-07
6.87707e-08
7.26934e-08
5.44638e-08
1.01637e-07
7.42128e-08
9.90202e-08
9.42138e-08
1.0673e-07
5.77043e-08
7.96666e-08
6.99568e-08
1.25793e-07
6.19022e-08
1.10269e-07
9.7869e-08
1.18971e-07
6.8794e-08
1.01396e-07
7.45656e-08
8.02751e-08
7.39454e-08
1.01423e-07
7.48601e-08
1.10362e-07
9.09423e-08
7.8903e-08
9.18106e-08
9.38145e-08
8.6132e-08
1.11075e-07
8.17248e-08
8.92639e-08
1.05753e-07
1.46034e-07
1.10094e-07
1.13571e-07
7.2298e-08
6.61969e-08
7.2798e-08
8.98376e-08
1.26812e-07
9.70899e-08
1.12424e-07
7.24686e-08
6.26309e-08
5.54755e-08
5.42894e-08
1.10432e-07
1.02191e-07
1.05241e-07
1.16916e-07
8.20853e-08
8.54653e-08
8.15426e-08
9.98497e-08
1.13219e-07
9.28998e-08
8.9136e-08
8.51823e-08
8.69731e-08
6.59721e-08
9.50239e-08
8.63956e-08
9.33649e-08
1.07338e-07
5.96462e-08
6.81893e-08
7.28794e-08
1.98936e-07
1.25785e-07
6.61931e-08
6.19603e-08
7.13716e-08
1.01284e-07
7.12282e-08
6.28363e-08
1.08769e-07
1.22196e-07
1.56174e-07
8.80468e-08
7.97053e-08
8.36358e-08
5.91695e-08
7.80696e-08
7.49958e-08
9.41014e-08
9.91132e-08
8.74228e-08
9.68185e-08
8.27597e-08
1.14567e-07
7.33484e-08
1.15703e-07
5.37932e-08
6.19603e-08
8.03216e-08
1.13591e-07
9.56169e-08
2.04227e-07
7.53447e-08
7.2612e-08
7.78952e-08
5.8119e-08
8.48335e-08
7.62594e-08
6.39255e-08
5.54522e-08
7.3988e-08
1.18979e-07
1.19118e-07
7.11778e-08
9.85124e-08
8.78104e-08
5.76461e-08
6.4003e-08
9.25431e-08
7.86782e-08
9.502e-08
8.25039e-08
7.57749e-08
8.36629e-08
6.95382e-08
1.06114e-07
9.94117e-08
8.86127e-08
7.24918e-08
7.4019e-08
7.87014e-08
8.00038e-08
9.88264e-08
6.22898e-08
1.05722e-07
8.57909e-08
1.06974e-07
6.31697e-08
6.69373e-08
1.16254e-07
8.49575e-08
6.82242e-08
8.51978e-08
1.11017e-07
7.73564e-08
1.02792e-07
4.13624e-08
6.00998e-08
9.64658e-08
9.21672e-08
8.76708e-08
9.57914e-08
7.86743e-08
6.75071e-08
6.58365e-08
9.29075e-08
6.3158e-08
7.14065e-08
8.16163e-08
8.54033e-08
8.32791e-08
6.83831e-08
7.19143e-08
6.13362e-08
6.98793e-08
8.42482e-08
6.23828e-08
5.09753e-08
8.48567e-08
9.66596e-08
6.92901e-08
1.08253e-07
8.37404e-08
9.4175e-08
8.48219e-08
7.5616e-08
8.96942e-08
8.11046e-08
6.77745e-08
1.12808e-07
1.01218e-07
5.4177e-08
9.03648e-08
6.83056e-08
8.88065e-08
9.97954e-08
8.10116e-08
7.87092e-08
8.86825e-08
9.6648e-08
9.59774e-08
1.0371e-07
1.00513e-07
1.25835e-07
1.18754e-07
8.0841e-08
8.77677e-08
9.3268e-08
7.13096e-08
5.39095e-08
7.31314e-08
7.39764e-08
7.70463e-08
5.88904e-08
7.51237e-08
6.49953e-08
8.17713e-08
8.30931e-08
7.43601e-08
8.95546e-08
1.05501e-07
7.56276e-08
8.82716e-08
1.3884e-07
4.88473e-08
8.30466e-08
5.4801e-08
9.48456e-08
8.10077e-08
1.17478e-07
8.38567e-08
1.18486e-07
9.37641e-08
1.04106e-07
5.54755e-08
1.39894e-07
1.09315e-07
9.3016e-08
7.42826e-08
9.3644e-08
8.33683e-08
1.24033e-07
1.2937e-07
6.79102e-08
8.34381e-08
4.94868e-08
6.62241e-08
8.53374e-08
1.1549e-07
7.23639e-08
8.04767e-08
8.59925e-08
5.30219e-08
6.52318e-08
5.26653e-08
1.83183e-07
6.41813e-08
1.12021e-07
7.66393e-08
7.96549e-08
1.0766e-07
8.22868e-08
1.28293e-07
7.89611e-08
1.21858e-07
8.70894e-08
4.24206e-08
7.30539e-08
8.98919e-08
8.16473e-08
1.0816e-07
1.07931e-07
6.30534e-08
8.11783e-08
6.28402e-08
8.97407e-08
7.47671e-08
1.09474e-07
7.21197e-08
8.48063e-08
8.18488e-08
6.56737e-08
8.58219e-08
1.03838e-07
6.47318e-08
9.14927e-08
6.86389e-08
7.38213e-08
9.10857e-08
7.88371e-08
8.66165e-08
6.73675e-08
7.86123e-08
7.5771e-08
7.93604e-08
7.79959e-08
8.03875e-08
6.58713e-08
8.36939e-08
7.62517e-08
9.16361e-08
8.80701e-08
8.40156e-08
7.94805e-08
9.94039e-08
7.28872e-08
7.3174e-08
6.44217e-08
8.76359e-08
1.20928e-07
7.8527e-08
8.47017e-08
5.64407e-08
7.32593e-08
7.51237e-08
8.66281e-08
8.29884e-08
1.15405e-07
8.1469e-08
1.13591e-07
9.92334e-08
5.90609e-08
6.18595e-08
7.85347e-08
1.13447e-07
8.04069e-08
9.47952e-08
6.17549e-08
6.91738e-08
5.85299e-08
7.6178e-08
8.9074e-08
9.33455e-08
1.01292e-07
6.81234e-08
9.53068e-08
7.03095e-08
5.4708e-08
7.4709e-08
8.79732e-08
1.04396e-07
9.46905e-08
1.05365e-07
4.41067e-08
9.89388e-08
1.1418e-07
7.57517e-08
9.89621e-08
1.20645e-07
8.1562e-08
1.13494e-07
1.19475e-07
1.29215e-07
1.07253e-07
1.1399e-07
7.35616e-08
7.56315e-08
8.71127e-08
6.82862e-08
7.54881e-08
6.55225e-08
9.15741e-08
1.36181e-07
6.80691e-08
7.9841e-08
6.9918e-08
9.86713e-08
9.31052e-08
1.00292e-07
6.2972e-08
6.07432e-08
7.64765e-08
8.35544e-08
9.30858e-08
6.71621e-08
1.04939e-07
6.49992e-08
5.0483e-08
1.07629e-07
8.5849e-08
8.20853e-08
6.30805e-08
7.06002e-08
6.44488e-08
9.19423e-08
7.38446e-08
7.55501e-08
8.90662e-08
1.22843e-07
1.06272e-07
9.46479e-08
7.5492e-08
9.04927e-08
7.44958e-08
7.0732e-08
7.98953e-08
9.83186e-08
6.62435e-08
5.58205e-08
7.93759e-08
7.99612e-08
1.13846e-07
9.90357e-08
7.56276e-08
7.66393e-08
8.47133e-08
1.05323e-07
6.61737e-08
6.99142e-08
6.74954e-08
6.81738e-08
7.62013e-08
9.85861e-08
6.47744e-08
1.02644e-07
1.33898e-07
9.87179e-08
6.13595e-08
1.25494e-07
6.74644e-08
5.934e-08
8.76243e-08
1.05877e-07
7.81859e-08
9.10818e-08
9.01089e-08
8.63801e-08
1.47848e-07
8.22287e-08
9.98846e-08
1.01865e-07
1.09746e-07
7.4709e-08
1.16781e-07
6.9263e-08
8.77096e-08
1.16537e-07
8.54343e-08
1.03517e-07
7.00653e-08
8.59808e-08
1.09866e-07
1.05935e-07
1.01501e-07
8.22713e-08
7.49183e-08
3.67188e-08
8.81282e-08
7.07902e-08
8.71941e-08
6.38906e-08
7.87828e-08
7.00886e-08
9.02058e-08
8.80894e-08
6.9325e-08
1.00819e-07
6.02897e-08
1.20389e-07
1.10009e-07
5.5367e-08
6.01889e-08
8.22636e-08
5.49832e-08
1.72047e-07
7.84843e-08
7.80037e-08
8.26551e-08
9.114e-08
1.48085e-07
1.52286e-07
9.25044e-08
6.95227e-08
9.09617e-08
5.98439e-08
9.62177e-08
9.27912e-08
6.73985e-08
1.33708e-07
7.77014e-08
6.73249e-08
6.86854e-08
6.86932e-08
7.10034e-08
7.37283e-08
9.76713e-08
1.80528e-07
7.67788e-08
1.33673e-07
9.84582e-08
1.16913e-07
6.5914e-08
1.18354e-07
7.2798e-08
6.5476e-08
9.38029e-08
5.09559e-08
1.1242e-07
9.16904e-08
5.59445e-08
9.92063e-08
1.05931e-07
8.87174e-08
7.10344e-08
6.68985e-08
9.45781e-08
7.60462e-08
5.78283e-08
8.95236e-08
9.63612e-08
1.29626e-07
6.03905e-08
8.91593e-08
8.80081e-08
7.75192e-08
6.33247e-08
8.57211e-08
9.90008e-08
9.95667e-08
7.77246e-08
7.99922e-08
7.91549e-08
1.08687e-07
9.14578e-08
8.33799e-08
1.01482e-07
6.13052e-08
1.2168e-07
1.04749e-07
1.10133e-07
1.01447e-07
1.17382e-07
1.04714e-07
8.36629e-08
1.00974e-07
1.10226e-07
7.1077e-08
8.05193e-08
9.25431e-08
7.28949e-08
6.57396e-08
7.02398e-08
7.37089e-08
1.074e-07
5.59755e-08
9.66674e-08
7.32825e-08
8.82949e-08
7.84921e-08
7.51586e-08
9.46867e-08
6.83056e-08
6.91041e-08
7.00808e-08
8.80623e-08
7.20964e-08
7.52826e-08
9.93264e-08
7.55152e-08
9.78263e-08
8.4787e-08
8.22558e-08
9.57255e-08
7.94107e-08
1.33665e-07
9.37564e-08
8.79189e-08
6.95731e-08
6.61543e-08
7.77866e-08
1.32002e-07
8.67561e-08
7.71858e-08
8.34497e-08
1.22428e-07
5.54522e-08
5.4146e-08
1.38359e-07
9.36905e-08
9.47952e-08
7.84766e-08
8.05891e-08
8.3659e-08
9.64658e-08
1.01117e-07
1.01617e-07
1.06071e-07
1.09358e-07
1.31037e-07
5.88478e-08
7.56121e-08
8.58568e-08
1.17281e-07
7.086e-08
7.88526e-08
6.07354e-08
1.16498e-07
6.0654e-08
1.3684e-07
7.31895e-08
1.05342e-07
1.28584e-07
9.12136e-08
8.00038e-08
1.12187e-07
1.01757e-07
7.20848e-08
7.00731e-08
9.07175e-08
1.11207e-07
8.85895e-08
1.01106e-07
8.87484e-08
6.09021e-08
8.03061e-08
1.10788e-07
7.46973e-08
6.36658e-08
6.86505e-08
8.28489e-08
5.71926e-08
7.44997e-08
9.19772e-08
6.51581e-08
9.28455e-08
6.61039e-08
8.75158e-08
8.28528e-08
6.38402e-08
9.79465e-08
8.20582e-08
1.14029e-07
7.36392e-08
8.34187e-08
6.15572e-08
8.87019e-08
1.2606e-07
7.25034e-08
1.11951e-07
9.27253e-08
6.99878e-08
1.47701e-07
8.22558e-08
8.03565e-08
7.17864e-08
7.30422e-08
8.90856e-08
6.77939e-08
1.10424e-07
7.43214e-08
9.69775e-08
7.43756e-08
5.646e-08
8.40389e-08
1.36006e-07
7.86433e-08
8.06279e-08
5.18319e-08
1.17754e-07
6.51775e-08
8.44071e-08
1.3989e-07
1.02253e-07
9.99388e-08
1.048e-07
1.20769e-07
8.97368e-08
1.19971e-07
6.54721e-08
8.40738e-08
9.73031e-08
8.68917e-08
1.04098e-07
8.58645e-08
1.04044e-07
8.88879e-08
6.67667e-08
1.02361e-07
9.82992e-08
7.86394e-08
7.98565e-08
1.08292e-07
7.35578e-08
8.6194e-08
1.03361e-07
1.32386e-07
6.21386e-08
1.08443e-07
9.89117e-08
8.88996e-08
8.39846e-08
7.3174e-08
8.53064e-08
6.11579e-08
7.22592e-08
1.46712e-07
6.76117e-08
1.03846e-07
9.65782e-08
7.85309e-08
9.82876e-08
1.00183e-07
6.75187e-08
1.04563e-07
9.37409e-08
9.21129e-08
9.02717e-08
7.92402e-08
5.75027e-08
7.37632e-08
9.12989e-08
6.08517e-08
1.09904e-07
7.37748e-08
7.52749e-08
9.23881e-08
6.65846e-08
6.76079e-08
8.78065e-08
1.46546e-07
9.71519e-08
7.424e-08
1.08199e-07
7.0953e-08
8.88608e-08
8.09845e-08
1.19777e-07
8.78297e-08
9.23222e-08
7.72672e-08
6.86854e-08
8.49575e-08
4.71728e-08
7.06235e-08
7.73176e-08
1.0873e-07
9.68689e-08
8.70313e-08
6.7321e-08
8.21783e-08
7.5771e-08
8.47443e-08
9.15121e-08
1.27018e-07
1.31758e-07
6.54062e-08
7.23368e-08
6.6507e-08
1.13246e-07
7.84146e-08
9.6303e-08
6.64528e-08
6.97475e-08
4.60138e-08
9.7993e-08
4.72115e-08
1.03427e-07
1.11029e-07
7.21895e-08
9.26013e-08
1.01609e-07
8.33489e-08
1.13354e-07
7.62672e-08
7.06623e-08
7.23174e-08
9.18454e-08
1.32014e-07
1.43751e-07
5.60182e-08
1.07269e-07
8.88918e-08
1.23351e-07
8.40156e-08
7.44803e-08
9.16671e-08
1.38359e-07
7.42206e-08
7.58951e-08
7.33562e-08
8.27481e-08
9.50433e-08
6.73016e-08
9.01206e-08
1.15602e-07
9.1578e-08
9.45626e-08
9.49812e-08
6.92358e-08
1.18382e-07
9.08144e-08
8.50467e-08
1.05385e-07
8.58452e-08
1.23599e-07
1.01586e-07
1.04703e-07
9.09539e-08
1.33832e-07
5.49794e-08
9.34618e-08
7.04064e-08
6.8918e-08
8.57327e-08
8.31008e-08
9.13687e-08
1.00214e-07
1.06152e-07
9.53107e-08
6.81428e-08
7.82401e-08
1.29246e-07
8.22287e-08
7.40849e-08
7.12049e-08
7.30112e-08
8.82445e-08
8.77561e-08
1.16622e-07
8.65467e-08
5.81578e-08
8.36474e-08
