5.30955e-08
4.08236e-08
5.40336e-08
5.1297e-08
7.31818e-08
4.01453e-08
6.40573e-08
6.04525e-08
6.4224e-08
6.72551e-08
5.82702e-08
4.35021e-08
4.294e-08
5.55685e-08
5.42002e-08
7.96666e-08
5.19482e-08
5.59329e-08
5.02543e-08
5.78555e-08
5.70027e-08
5.93865e-08
6.07936e-08
5.47662e-08
4.34439e-08
6.86971e-08
5.53282e-08
5.93129e-08
5.99253e-08
4.60836e-08
6.40999e-08
5.19792e-08
5.64988e-08
5.2863e-08
6.63326e-08
8.83957e-08
4.04322e-08
5.20994e-08
5.65686e-08
5.49716e-08
5.65298e-08
4.02267e-08
4.1688e-08
5.4522e-08
6.16037e-08
5.45569e-08
6.64528e-08
6.13362e-08
6.40844e-08
6.84994e-08
4.35369e-08
4.89364e-08
6.27549e-08
6.29681e-08
5.22195e-08
6.72125e-08
7.67401e-08
4.28082e-08
6.19991e-08
4.65255e-08
5.54561e-08
5.49135e-08
5.07815e-08
6.54333e-08
4.69402e-08
4.44866e-08
4.3692e-08
5.66461e-08
5.71151e-08
5.14637e-08
6.51853e-08
5.44561e-08
4.63433e-08
4.57967e-08
5.50104e-08
4.90682e-08
6.02664e-08
5.36382e-08
7.46237e-08
6.38209e-08
8.76243e-08
6.10998e-08
4.15679e-08
8.24303e-08
5.18901e-08
5.28397e-08
6.14487e-08
5.23164e-08
4.92814e-08
6.09215e-08
4.74906e-08
3.36489e-08
4.46261e-08
7.94185e-08
5.58902e-08
6.93986e-08
4.68433e-08
6.29332e-08
5.70066e-08
5.71577e-08
5.72547e-08
6.34332e-08
3.87111e-08
4.37346e-08
4.65332e-08
6.73133e-08
5.56073e-08
6.27976e-08
6.24991e-08
6.88521e-08
5.59135e-08
6.74024e-08
4.60138e-08
5.87741e-08
5.64911e-08
5.37971e-08
5.45297e-08
6.56271e-08
6.31619e-08
6.05067e-08
6.02703e-08
6.14525e-08
5.03163e-08
5.25529e-08
5.92896e-08
4.75255e-08
4.44633e-08
4.21687e-08
6.06618e-08
6.65923e-08
4.86961e-08
4.68704e-08
4.35486e-08
5.05605e-08
3.89282e-08
4.50293e-08
7.09607e-08
5.46538e-08
5.00915e-08
6.20417e-08
6.17432e-08
6.99723e-08
4.91264e-08
5.33707e-08
7.79145e-08
5.37041e-08
4.38083e-08
9.01012e-08
5.50608e-08
1.09939e-07
5.2235e-08
3.71723e-08
7.5554e-08
4.97737e-08
5.04287e-08
5.97858e-08
3.94127e-08
6.29448e-08
6.27898e-08
5.82159e-08
4.65448e-08
4.65603e-08
9.45781e-08
7.34143e-08
5.50646e-08
5.34056e-08
6.70613e-08
6.55923e-08
6.5852e-08
6.42201e-08
5.46227e-08
4.1343e-08
5.62003e-08
4.40253e-08
5.64872e-08
7.00188e-08
5.97005e-08
8.36164e-08
5.12621e-08
4.79209e-08
5.38398e-08
5.87005e-08
4.96807e-08
6.16735e-08
6.58636e-08
4.97582e-08
6.35922e-08
5.35646e-08
5.18164e-08
5.8402e-08
4.26338e-08
6.99646e-08
5.20296e-08
4.32656e-08
5.17505e-08
4.60836e-08
4.77426e-08
6.18053e-08
4.45913e-08
4.0657e-08
4.38664e-08
5.99757e-08
7.50539e-08
7.97557e-08
5.17621e-08
5.70725e-08
7.8589e-08
5.88051e-08
5.78167e-08
5.04753e-08
5.86578e-08
4.76534e-08
5.82973e-08
7.42942e-08
6.85924e-08
3.34318e-08
8.15232e-08
6.10068e-08
4.71573e-08
5.05063e-08
5.94679e-08
5.40685e-08
6.51969e-08
6.75807e-08
5.52119e-08
8.76166e-08
4.24322e-08
5.85299e-08
5.11458e-08
6.06385e-08
4.97969e-08
6.94607e-08
7.39686e-08
5.05024e-08
4.71844e-08
5.82973e-08
5.934e-08
9.14501e-08
6.61737e-08
4.73123e-08
5.22428e-08
5.5084e-08
4.70177e-08
6.58868e-08
6.70264e-08
7.01855e-08
3.92577e-08
8.23876e-08
6.83249e-08
5.00024e-08
3.94631e-08
5.18862e-08
6.06075e-08
6.14564e-08
6.59256e-08
6.23557e-08
5.38126e-08
4.75294e-08
6.8042e-08
5.32661e-08
4.47812e-08
5.94912e-08
6.57783e-08
7.02398e-08
5.72275e-08
6.62706e-08
5.37119e-08
5.29831e-08
5.22815e-08
5.88981e-08
7.23406e-08
4.96574e-08
6.64489e-08
4.39168e-08
5.03435e-08
5.51344e-08
6.80807e-08
5.92974e-08
3.86414e-08
4.87387e-08
7.19724e-08
5.56305e-08
5.91113e-08
4.14516e-08
5.39716e-08
5.07117e-08
5.6053e-08
6.71621e-08
5.85764e-08
5.33049e-08
5.31614e-08
6.03827e-08
7.27321e-08
5.97819e-08
6.65574e-08
6.44914e-08
8.22171e-08
4.67852e-08
5.55879e-08
6.68132e-08
5.1642e-08
5.38204e-08
6.13944e-08
6.83366e-08
4.23974e-08
4.61534e-08
4.86263e-08
4.65177e-08
6.92591e-08
6.67629e-08
4.60758e-08
5.00799e-08
6.58016e-08
4.64247e-08
6.55574e-08
4.9324e-08
4.27307e-08
3.96802e-08
5.30413e-08
4.70061e-08
6.35573e-08
4.93085e-08
5.27467e-08
5.36149e-08
5.04171e-08
5.61732e-08
4.95217e-08
6.51891e-08
4.98977e-08
4.06298e-08
7.87557e-08
4.30796e-08
5.73244e-08
5.8995e-08
5.41499e-08
6.08634e-08
4.94946e-08
5.36537e-08
9.45122e-08
4.15136e-08
6.44565e-08
5.63515e-08
7.6399e-08
5.28165e-08
4.99907e-08
5.67585e-08
4.37424e-08
5.3925e-08
5.17001e-08
4.57425e-08
4.57851e-08
6.21967e-08
7.58524e-08
4.10019e-08
4.25485e-08
6.36619e-08
3.80134e-08
7.11429e-08
3.94321e-08
6.01308e-08
5.12001e-08
4.63472e-08
5.3363e-08
5.98284e-08
5.08047e-08
5.23048e-08
5.40568e-08
4.58898e-08
4.26028e-08
4.86147e-08
4.96807e-08
5.1549e-08
5.27196e-08
5.00954e-08
6.41891e-08
5.11924e-08
7.99767e-08
5.84795e-08
4.90605e-08
6.72319e-08
4.38819e-08
5.55685e-08
5.05373e-08
5.60375e-08
6.34022e-08
5.4115e-08
5.43165e-08
4.90256e-08
4.14632e-08
4.71495e-08
4.74092e-08
8.55738e-08
6.40922e-08
4.26454e-08
5.38824e-08
4.63355e-08
6.69257e-08
6.84839e-08
7.04607e-08
5.15024e-08
6.33518e-08
4.4382e-08
4.5037e-08
5.5053e-08
7.47904e-08
4.8762e-08
6.01075e-08
5.46848e-08
4.62348e-08
4.44556e-08
6.09719e-08
7.34725e-08
5.6995e-08
8.44536e-08
7.3143e-08
4.8072e-08
3.48505e-08
6.73443e-08
7.08096e-08
6.03711e-08
5.28203e-08
5.158e-08
5.62507e-08
4.41843e-08
6.03556e-08
6.44682e-08
6.8449e-08
4.94791e-08
6.92746e-08
5.23707e-08
6.7228e-08
6.18091e-08
4.87543e-08
4.33238e-08
6.17471e-08
6.01734e-08
4.27036e-08
4.30408e-08
6.14564e-08
7.32981e-08
4.88977e-08
4.8479e-08
6.99025e-08
4.72348e-08
4.48781e-08
4.85139e-08
4.2754e-08
5.41421e-08
4.71999e-08
5.546e-08
6.72513e-08
5.57817e-08
5.0952e-08
5.49522e-08
3.98972e-08
4.83511e-08
5.23746e-08
4.46378e-08
8.74576e-08
5.75027e-08
4.12694e-08
5.78206e-08
4.81922e-08
7.59261e-08
7.3926e-08
4.11686e-08
4.65371e-08
4.44401e-08
7.55811e-08
6.03013e-08
5.74562e-08
5.55026e-08
6.6569e-08
4.16066e-08
6.57551e-08
4.10562e-08
4.10717e-08
5.67818e-08
5.039e-08
4.03352e-08
4.72309e-08
5.76772e-08
6.1813e-08
4.30757e-08
6.0561e-08
4.95489e-08
4.83976e-08
6.26929e-08
4.46145e-08
6.85846e-08
5.67469e-08
4.47541e-08
5.95571e-08
5.62042e-08
5.07466e-08
7.22437e-08
5.68477e-08
5.56034e-08
6.02974e-08
7.07243e-08
3.86104e-08
5.55065e-08
6.72474e-08
6.02587e-08
5.79756e-08
4.21764e-08
6.12393e-08
5.40762e-08
5.37467e-08
6.93017e-08
5.70764e-08
4.68123e-08
5.53205e-08
5.31537e-08
5.13125e-08
5.91617e-08
6.06657e-08
5.92199e-08
7.47632e-08
5.96579e-08
5.63864e-08
6.12393e-08
4.57735e-08
5.03551e-08
5.74523e-08
6.00842e-08
5.12427e-08
9.62371e-08
4.73317e-08
5.7181e-08
5.41886e-08
3.34124e-08
7.53175e-08
4.57425e-08
4.31493e-08
4.56339e-08
5.79291e-08
5.99873e-08
6.66311e-08
5.64407e-08
7.3143e-08
3.77615e-08
5.615e-08
6.16928e-08
7.26275e-08
5.96036e-08
7.63563e-08
5.96617e-08
5.23397e-08
4.98977e-08
3.67847e-08
6.33286e-08
7.67129e-08
6.00571e-08
6.37937e-08
4.99946e-08
5.30296e-08
3.76529e-08
4.15175e-08
5.53476e-08
6.56814e-08
4.6758e-08
4.77309e-08
6.18518e-08
4.68045e-08
5.16304e-08
6.76776e-08
5.77663e-08
4.52231e-08
4.82193e-08
5.35762e-08
4.41222e-08
6.51814e-08
5.41692e-08
6.52899e-08
4.89287e-08
6.3724e-08
5.92082e-08
6.6321e-08
5.66035e-08
1.04741e-07
5.25839e-08
5.10838e-08
7.33601e-08
8.74189e-08
7.2736e-08
5.2611e-08
5.96928e-08
4.31571e-08
5.68632e-08
5.20567e-08
5.95183e-08
5.43708e-08
4.2754e-08
3.60095e-08
6.08246e-08
5.38475e-08
5.45452e-08
6.84761e-08
6.00881e-08
5.63011e-08
6.27355e-08
7.52361e-08
7.01002e-08
6.56582e-08
5.76694e-08
7.35345e-08
4.97388e-08
8.00697e-08
6.98948e-08
6.57706e-08
4.532e-08
4.57153e-08
4.13275e-08
5.78128e-08
5.86152e-08
5.03551e-08
7.08251e-08
5.76578e-08
5.70337e-08
4.57774e-08
5.49638e-08
5.74989e-08
7.75928e-08
6.00145e-08
4.29516e-08
5.50608e-08
7.51509e-08
5.36111e-08
4.88705e-08
5.41809e-08
5.36033e-08
5.03977e-08
6.86118e-08
6.52705e-08
4.91768e-08
5.74407e-08
7.34686e-08
4.57735e-08
6.95886e-08
5.03667e-08
4.47696e-08
5.40452e-08
4.77542e-08
4.5665e-08
5.23436e-08
5.97586e-08
7.16662e-08
5.84175e-08
5.66887e-08
6.9763e-08
6.19409e-08
5.3832e-08
6.7511e-08
5.04055e-08
5.30762e-08
4.34555e-08
5.00721e-08
4.81922e-08
6.08556e-08
8.62715e-08
5.79872e-08
6.8387e-08
4.6289e-08
6.16657e-08
4.7227e-08
6.71156e-08
5.06574e-08
8.52405e-08
4.83976e-08
6.49256e-08
6.03982e-08
7.5333e-08
5.496e-08
5.56693e-08
8.945e-08
6.65729e-08
6.27006e-08
4.56339e-08
7.07592e-08
6.01579e-08
5.86539e-08
5.15063e-08
4.65603e-08
5.06846e-08
3.12147e-08
6.12665e-08
7.22825e-08
5.41499e-08
5.6681e-08
5.44018e-08
6.69877e-08
9.43068e-08
5.60996e-08
4.01686e-08
4.77193e-08
6.3565e-08
4.71728e-08
5.51383e-08
3.59397e-08
6.1658e-08
5.29289e-08
6.44992e-08
5.31498e-08
6.05571e-08
7.1077e-08
4.34439e-08
5.39483e-08
6.10804e-08
5.63283e-08
4.56262e-08
4.82891e-08
5.59484e-08
5.30258e-08
4.50603e-08
6.88599e-08
6.12626e-08
6.0654e-08
5.73787e-08
4.97737e-08
7.10111e-08
5.81152e-08
6.31076e-08
5.37157e-08
5.82547e-08
6.54333e-08
6.83249e-08
7.99146e-08
4.85333e-08
3.93507e-08
5.1173e-08
3.14472e-08
5.01264e-08
6.74334e-08
8.4911e-08
6.05184e-08
6.40728e-08
6.10804e-08
5.12156e-08
7.46508e-08
5.27816e-08
6.04525e-08
4.10678e-08
5.11613e-08
4.9952e-08
4.50874e-08
5.48708e-08
4.08934e-08
6.79838e-08
5.24172e-08
4.61223e-08
4.83124e-08
6.61931e-08
6.68636e-08
4.20756e-08
5.88284e-08
5.17583e-08
5.67042e-08
6.75652e-08
3.94709e-08
4.08198e-08
4.60642e-08
7.29492e-08
5.49367e-08
6.04137e-08
5.73399e-08
5.6805e-08
5.04443e-08
5.33359e-08
7.43562e-08
5.59058e-08
5.14598e-08
8.30388e-08
6.37084e-08
8.19302e-08
6.34526e-08
4.39129e-08
4.4444e-08
5.28048e-08
5.12737e-08
5.31459e-08
5.32002e-08
4.93977e-08
6.8418e-08
4.97621e-08
6.58093e-08
8.19768e-08
6.26929e-08
6.56543e-08
6.04874e-08
5.06536e-08
4.21415e-08
5.32583e-08
6.19836e-08
5.80648e-08
7.99612e-08
5.1204e-08
3.65521e-08
5.04055e-08
6.00145e-08
7.83215e-08
6.07432e-08
6.59954e-08
7.25926e-08
6.26464e-08
4.98202e-08
5.35646e-08
4.5975e-08
4.46106e-08
5.25723e-08
6.36503e-08
5.75492e-08
4.14632e-08
4.08004e-08
5.44134e-08
4.91884e-08
6.8949e-08
6.13673e-08
4.5382e-08
5.37661e-08
4.98745e-08
5.88361e-08
3.51528e-08
5.46538e-08
4.51649e-08
5.41731e-08
4.52386e-08
6.2751e-08
6.12316e-08
5.10102e-08
5.41654e-08
4.56262e-08
7.85657e-08
6.37472e-08
4.42773e-08
6.66272e-08
5.615e-08
5.18125e-08
6.55884e-08
6.85226e-08
5.34909e-08
6.69877e-08
6.44488e-08
5.25335e-08
5.79407e-08
5.31769e-08
6.03052e-08
6.6538e-08
4.44866e-08
3.87383e-08
5.76539e-08
7.80618e-08
8.37482e-08
5.21381e-08
5.0359e-08
5.92199e-08
6.43596e-08
6.76389e-08
4.98086e-08
6.29681e-08
6.32859e-08
5.41654e-08
8.02015e-08
5.65647e-08
9.06903e-08
3.90057e-08
5.91617e-08
6.08091e-08
7.13949e-08
4.54711e-08
5.27118e-08
4.86651e-08
5.0735e-08
5.40995e-08
5.14637e-08
4.23121e-08
5.9092e-08
4.82348e-08
3.57381e-08
7.99224e-08
6.09486e-08
4.6227e-08
4.26183e-08
5.30568e-08
5.16769e-08
4.97194e-08
3.73739e-08
4.85876e-08
5.62236e-08
6.1061e-08
7.64687e-08
4.08508e-08
7.11623e-08
6.85653e-08
5.33669e-08
6.83986e-08
4.74906e-08
6.28324e-08
8.24923e-08
4.29361e-08
5.10257e-08
5.01264e-08
4.46068e-08
8.07248e-08
6.5007e-08
7.02126e-08
5.43902e-08
4.53897e-08
5.71733e-08
5.89989e-08
5.327e-08
6.3379e-08
5.94602e-08
5.74989e-08
5.64523e-08
5.12582e-08
5.35142e-08
5.34405e-08
5.60569e-08
4.3223e-08
4.86147e-08
4.24943e-08
5.36033e-08
6.23247e-08
5.49328e-08
7.07165e-08
6.17781e-08
4.87349e-08
7.74455e-08
5.03629e-08
7.01041e-08
8.99694e-08
4.77736e-08
5.41809e-08
6.41775e-08
5.67895e-08
4.62115e-08
4.50138e-08
6.58326e-08
4.76185e-08
5.27777e-08
5.24676e-08
4.80798e-08
6.11231e-08
5.22428e-08
5.98207e-08
3.76336e-08
6.1282e-08
8.19496e-08
5.07543e-08
5.2204e-08
8.67483e-08
7.09065e-08
4.62425e-08
5.61073e-08
6.41891e-08
6.37588e-08
4.10911e-08
6.10145e-08
5.23126e-08
4.42967e-08
5.08009e-08
6.92901e-08
4.8417e-08
7.2391e-08
5.5929e-08
4.44285e-08
6.66776e-08
5.64872e-08
5.78477e-08
5.94718e-08
5.30917e-08
5.12621e-08
4.55215e-08
5.50104e-08
6.30224e-08
5.53321e-08
8.62909e-08
4.78201e-08
3.86142e-08
6.43751e-08
5.67314e-08
6.09099e-08
4.59092e-08
5.43127e-08
6.9763e-08
4.73123e-08
5.44483e-08
3.53001e-08
8.32753e-08
7.89534e-08
6.59876e-08
5.47158e-08
4.13275e-08
7.28911e-08
5.67236e-08
5.71655e-08
6.5631e-08
4.28819e-08
5.53708e-08
