4.85449e-08
3.88429e-08
5.81229e-08
3.4052e-08
2.78385e-08
4.4413e-08
4.68666e-08
4.13896e-08
6.41348e-08
4.46843e-08
6.46775e-08
4.98628e-08
4.23315e-08
4.20679e-08
4.57386e-08
5.11652e-08
4.20756e-08
5.58941e-08
6.71311e-08
4.2378e-08
4.63084e-08
5.0359e-08
5.20955e-08
4.90333e-08
5.8026e-08
3.75328e-08
5.71733e-08
6.43984e-08
4.47812e-08
4.49169e-08
6.4003e-08
5.93672e-08
5.10412e-08
5.43282e-08
6.15611e-08
4.20834e-08
3.5994e-08
6.43093e-08
5.33281e-08
7.32477e-08
5.50724e-08
3.52962e-08
3.92034e-08
4.19477e-08
3.63622e-08
6.22626e-08
5.0169e-08
5.41266e-08
6.32433e-08
5.13745e-08
4.81069e-08
3.90832e-08
5.03784e-08
3.94166e-08
5.62352e-08
5.25374e-08
4.41726e-08
5.06729e-08
4.24749e-08
4.82697e-08
5.58554e-08
5.9092e-08
5.44367e-08
4.14089e-08
6.02238e-08
5.42274e-08
5.61112e-08
3.62033e-08
5.53902e-08
5.67004e-08
5.86772e-08
4.7134e-08
5.72469e-08
4.81612e-08
5.10024e-08
3.83507e-08
5.4301e-08
5.40491e-08
5.01652e-08
5.22389e-08
5.19094e-08
4.94907e-08
5.46305e-08
7.07243e-08
6.02277e-08
5.76772e-08
5.51266e-08
4.45951e-08
5.158e-08
5.11575e-08
7.69533e-08
4.74829e-08
5.42274e-08
5.84679e-08
4.30447e-08
3.78816e-08
6.45845e-08
3.95716e-08
5.53049e-08
5.85609e-08
5.42041e-08
6.27045e-08
5.6588e-08
4.00755e-08
5.53825e-08
3.93856e-08
5.1987e-08
4.13237e-08
4.26726e-08
4.37618e-08
6.0499e-08
4.89481e-08
4.7386e-08
5.18242e-08
6.76117e-08
4.92659e-08
6.01618e-08
4.22191e-08
4.4882e-08
5.12079e-08
5.96656e-08
5.308e-08
4.58665e-08
4.00949e-08
5.13862e-08
7.9903e-08
5.61344e-08
3.66878e-08
4.58355e-08
5.24327e-08
5.04094e-08
4.33276e-08
5.13358e-08
5.4208e-08
7.28135e-08
5.31924e-08
5.48243e-08
4.64208e-08
3.63738e-08
3.58428e-08
4.63975e-08
4.27501e-08
3.38194e-08
4.14787e-08
6.58132e-08
5.56422e-08
5.00256e-08
4.5099e-08
7.06661e-08
4.86806e-08
4.10136e-08
4.96651e-08
3.17341e-08
3.52807e-08
5.51344e-08
5.20761e-08
3.59397e-08
4.75333e-08
4.9076e-08
4.94016e-08
5.04132e-08
4.59557e-08
5.21536e-08
3.64087e-08
4.80876e-08
3.75948e-08
6.1751e-08
4.5351e-08
5.80066e-08
3.85561e-08
4.36649e-08
5.16963e-08
4.67193e-08
5.0545e-08
6.72435e-08
4.81767e-08
5.63399e-08
4.03624e-08
6.36309e-08
4.29478e-08
4.9262e-08
5.77275e-08
6.26929e-08
4.43471e-08
4.50874e-08
4.65138e-08
5.41615e-08
6.08982e-08
4.13469e-08
5.66655e-08
3.97344e-08
6.44449e-08
4.25873e-08
4.83666e-08
4.82814e-08
4.50176e-08
5.38126e-08
6.44023e-08
5.59135e-08
3.93274e-08
5.40491e-08
5.784e-08
4.70991e-08
5.14559e-08
5.33979e-08
6.23634e-08
5.45375e-08
4.77542e-08
3.75173e-08
4.87581e-08
4.72968e-08
4.1033e-08
4.91225e-08
3.27109e-08
4.98977e-08
4.08469e-08
4.37695e-08
4.20718e-08
3.29512e-08
4.30408e-08
6.60031e-08
5.96579e-08
4.48122e-08
4.09128e-08
6.51387e-08
5.19133e-08
4.68937e-08
5.97742e-08
4.09864e-08
5.496e-08
6.87474e-08
4.4944e-08
3.81917e-08
4.85798e-08
5.56461e-08
5.16536e-08
6.2689e-08
7.48485e-08
5.25451e-08
4.1312e-08
5.55298e-08
5.27389e-08
4.5413e-08
4.18043e-08
4.20485e-08
5.07427e-08
5.07621e-08
5.10412e-08
6.23402e-08
5.13707e-08
5.32738e-08
5.0797e-08
5.75531e-08
5.01652e-08
4.58161e-08
3.96763e-08
4.77813e-08
4.54673e-08
5.44948e-08
5.14288e-08
4.61107e-08
5.39328e-08
5.45452e-08
3.1862e-08
3.84282e-08
4.60099e-08
5.6774e-08
4.53936e-08
3.5866e-08
5.66035e-08
5.89989e-08
4.7572e-08
4.79596e-08
4.12268e-08
5.38785e-08
5.64174e-08
5.04171e-08
4.71922e-08
5.58786e-08
4.30524e-08
6.12355e-08
5.83826e-08
5.08474e-08
5.01148e-08
5.67236e-08
5.08202e-08
3.82886e-08
6.29293e-08
4.69402e-08
5.69988e-08
4.6789e-08
5.42196e-08
5.98556e-08
5.42468e-08
5.28785e-08
6.60651e-08
5.17621e-08
6.99452e-08
5.64523e-08
5.28358e-08
4.3785e-08
5.73942e-08
5.81307e-08
4.53122e-08
4.88434e-08
4.85256e-08
4.05601e-08
7.68215e-08
5.45801e-08
4.03159e-08
6.59295e-08
6.40534e-08
4.08391e-08
6.30069e-08
5.71733e-08
4.76263e-08
3.99011e-08
4.85837e-08
3.78506e-08
3.96879e-08
6.46697e-08
4.66534e-08
4.47696e-08
4.50409e-08
4.32191e-08
6.5069e-08
5.89369e-08
6.24797e-08
4.68278e-08
5.89175e-08
5.90997e-08
5.11652e-08
4.78821e-08
5.90881e-08
3.80328e-08
6.92862e-08
5.82353e-08
4.2971e-08
4.9483e-08
7.35422e-08
5.76074e-08
6.02819e-08
4.25136e-08
5.52197e-08
6.42744e-08
6.52822e-08
5.39057e-08
3.9405e-08
6.73637e-08
4.40137e-08
4.40408e-08
5.04094e-08
5.14521e-08
6.02587e-08
5.11846e-08
4.78279e-08
5.15606e-08
5.49135e-08
4.2878e-08
5.44948e-08
6.08168e-08
7.62749e-08
4.56456e-08
4.29943e-08
4.9638e-08
5.18242e-08
4.12074e-08
4.38083e-08
5.03512e-08
4.76302e-08
4.62464e-08
4.63162e-08
4.56921e-08
4.75992e-08
6.2096e-08
5.85919e-08
6.93754e-08
3.95096e-08
5.58127e-08
4.11996e-08
3.9091e-08
4.74674e-08
3.50017e-08
6.00494e-08
5.596e-08
4.37114e-08
4.55797e-08
5.66267e-08
4.11144e-08
3.67537e-08
3.97267e-08
4.61572e-08
4.51339e-08
5.10799e-08
6.31658e-08
4.3816e-08
6.99878e-08
5.46964e-08
4.45331e-08
4.95837e-08
4.90566e-08
4.79829e-08
4.74092e-08
5.4301e-08
5.87819e-08
4.85139e-08
6.44178e-08
4.64634e-08
6.12665e-08
5.57507e-08
3.9153e-08
4.28082e-08
4.15369e-08
6.45224e-08
5.03202e-08
4.44944e-08
5.2894e-08
5.52429e-08
3.85987e-08
4.72542e-08
3.60792e-08
6.16502e-08
5.49832e-08
6.10184e-08
4.72542e-08
4.39401e-08
4.17888e-08
4.2878e-08
3.71762e-08
6.72745e-08
5.44755e-08
3.86259e-08
6.2065e-08
3.64707e-08
5.49057e-08
5.63941e-08
3.50676e-08
4.99869e-08
4.99365e-08
4.48277e-08
5.54639e-08
5.70337e-08
3.9405e-08
3.36179e-08
4.35253e-08
4.60332e-08
4.8386e-08
4.41843e-08
4.58394e-08
5.79097e-08
5.01613e-08
5.27738e-08
5.20102e-08
5.65492e-08
4.81457e-08
5.43902e-08
4.01763e-08
4.63704e-08
4.33935e-08
5.04675e-08
3.62769e-08
4.52618e-08
5.51887e-08
4.02732e-08
4.23392e-08
3.83468e-08
4.61146e-08
4.87232e-08
5.33049e-08
4.65216e-08
7.0984e-08
4.55952e-08
5.14055e-08
4.41649e-08
7.29918e-08
6.42395e-08
6.15107e-08
5.71422e-08
5.63127e-08
5.26382e-08
6.26154e-08
5.47623e-08
4.53006e-08
4.00135e-08
4.98628e-08
5.18125e-08
5.02427e-08
5.14288e-08
6.19603e-08
3.69514e-08
4.58936e-08
5.52701e-08
6.63132e-08
4.18935e-08
7.35422e-08
4.58006e-08
3.50172e-08
4.59092e-08
4.34594e-08
5.23203e-08
5.69562e-08
4.29245e-08
5.20994e-08
4.43122e-08
3.89902e-08
5.1173e-08
4.87543e-08
4.632e-08
5.29986e-08
3.72304e-08
5.18823e-08
5.21924e-08
7.9589e-08
5.6274e-08
4.90643e-08
4.66456e-08
4.5289e-08
4.34168e-08
4.81961e-08
3.73467e-08
4.65759e-08
4.90682e-08
7.74649e-08
4.06376e-08
3.76491e-08
4.8762e-08
3.87848e-08
6.70032e-08
3.58777e-08
4.55642e-08
5.41344e-08
4.6634e-08
5.65259e-08
5.3863e-08
4.47928e-08
4.85217e-08
5.16807e-08
6.03401e-08
6.00726e-08
5.04481e-08
6.19564e-08
4.55991e-08
6.82319e-08
4.64518e-08
7.46121e-08
4.57502e-08
4.67503e-08
5.63438e-08
5.10373e-08
4.48587e-08
5.92547e-08
5.58205e-08
7.06816e-08
5.58747e-08
4.86263e-08
5.47584e-08
4.48703e-08
6.10029e-08
5.59406e-08
3.89011e-08
4.05484e-08
3.54087e-08
4.9169e-08
5.25568e-08
4.5913e-08
4.04942e-08
5.3111e-08
4.68201e-08
4.23043e-08
5.48514e-08
6.26076e-08
4.68821e-08
4.13818e-08
4.7227e-08
4.93938e-08
4.32695e-08
4.09399e-08
5.19211e-08
4.86263e-08
4.12616e-08
5.74872e-08
5.22854e-08
5.42157e-08
4.95489e-08
3.99283e-08
5.36925e-08
6.12083e-08
5.46809e-08
4.92659e-08
3.60792e-08
6.51077e-08
6.59062e-08
4.38432e-08
4.75139e-08
5.68787e-08
5.52584e-08
4.52231e-08
4.86729e-08
5.90067e-08
3.29124e-08
6.04331e-08
6.85188e-08
5.58437e-08
5.34909e-08
4.4068e-08
5.90416e-08
4.26997e-08
6.17045e-08
4.77775e-08
6.34759e-08
5.05877e-08
5.58592e-08
3.97887e-08
4.81534e-08
5.76655e-08
4.82969e-08
3.89282e-08
6.11502e-08
3.72498e-08
4.67852e-08
5.08086e-08
4.79635e-08
4.79364e-08
4.03042e-08
4.56262e-08
4.07422e-08
3.49862e-08
4.32114e-08
3.82809e-08
6.19487e-08
5.53088e-08
4.24633e-08
4.35021e-08
3.56839e-08
3.90639e-08
3.56412e-08
4.72968e-08
4.08624e-08
5.35064e-08
5.41809e-08
4.28121e-08
3.78002e-08
5.07854e-08
4.26687e-08
4.43587e-08
8.11511e-08
4.60642e-08
7.12708e-08
5.60686e-08
5.48398e-08
4.59595e-08
4.77465e-08
5.55491e-08
6.29371e-08
4.76263e-08
7.50501e-08
4.43471e-08
4.64053e-08
4.58471e-08
5.18358e-08
5.11536e-08
5.91346e-08
4.30989e-08
5.16304e-08
5.05489e-08
3.34551e-08
7.45384e-08
4.81379e-08
4.59828e-08
6.41348e-08
6.22626e-08
4.95411e-08
4.47657e-08
4.83007e-08
4.27346e-08
5.90609e-08
6.02664e-08
4.26571e-08
4.26338e-08
4.58781e-08
4.42928e-08
6.50418e-08
4.23431e-08
6.18673e-08
5.26498e-08
4.66456e-08
5.78593e-08
4.36261e-08
4.32501e-08
5.35413e-08
4.32462e-08
4.9452e-08
5.66151e-08
4.20679e-08
4.02694e-08
4.37579e-08
4.85876e-08
4.09167e-08
5.13862e-08
4.92543e-08
5.87935e-08
4.46998e-08
5.75105e-08
4.32191e-08
4.7165e-08
5.89834e-08
3.8277e-08
4.34439e-08
6.52938e-08
5.47429e-08
6.83443e-08
4.9983e-08
5.39328e-08
4.58781e-08
6.62861e-08
5.70531e-08
5.7057e-08
5.18397e-08
4.81031e-08
6.03711e-08
6.34875e-08
4.48897e-08
5.0766e-08
7.54222e-08
4.94791e-08
5.84408e-08
5.07699e-08
6.3348e-08
3.53621e-08
6.6414e-08
5.3456e-08
6.08285e-08
5.12505e-08
4.24361e-08
3.33155e-08
4.68859e-08
4.35796e-08
4.54324e-08
4.64053e-08
4.69208e-08
4.86225e-08
5.94563e-08
5.24133e-08
5.17389e-08
5.18087e-08
4.74712e-08
5.55608e-08
4.86961e-08
4.01143e-08
3.89282e-08
5.13358e-08
4.65681e-08
4.95954e-08
3.47807e-08
5.28591e-08
5.06497e-08
4.8479e-08
5.42313e-08
5.56499e-08
6.04602e-08
4.11531e-08
4.68123e-08
4.01996e-08
4.6196e-08
4.69673e-08
5.26537e-08
5.90803e-08
6.09331e-08
4.90837e-08
6.44527e-08
5.05799e-08
5.59058e-08
5.29831e-08
4.74906e-08
5.74911e-08
5.60065e-08
6.04292e-08
4.7479e-08
7.74378e-08
5.02194e-08
4.24129e-08
5.80183e-08
5.59019e-08
4.36183e-08
5.11846e-08
5.1421e-08
5.05179e-08
5.30374e-08
4.83628e-08
3.90988e-08
6.41193e-08
5.94912e-08
6.04253e-08
5.28087e-08
5.4801e-08
5.79136e-08
6.0499e-08
6.79722e-08
5.28436e-08
4.5037e-08
5.65763e-08
4.56339e-08
5.29831e-08
4.01414e-08
3.52148e-08
5.19792e-08
4.56998e-08
4.27307e-08
5.56771e-08
6.28479e-08
6.06618e-08
3.65831e-08
4.30214e-08
5.97897e-08
7.25616e-08
3.79204e-08
4.95915e-08
3.68622e-08
4.2064e-08
5.17311e-08
5.3956e-08
4.08081e-08
4.05911e-08
4.17849e-08
3.34396e-08
4.55177e-08
6.39294e-08
4.50603e-08
5.14908e-08
3.93895e-08
4.78317e-08
4.87504e-08
3.61529e-08
4.31067e-08
4.85915e-08
4.3254e-08
6.75962e-08
4.60332e-08
5.4677e-08
4.83201e-08
3.71025e-08
4.09671e-08
5.67934e-08
7.01584e-08
5.25451e-08
5.83749e-08
4.8041e-08
4.96496e-08
5.85687e-08
4.49401e-08
5.37855e-08
4.92426e-08
4.74053e-08
4.27966e-08
5.84795e-08
6.37937e-08
5.48786e-08
4.49169e-08
4.83666e-08
4.84015e-08
4.77852e-08
5.92005e-08
5.4332e-08
5.19249e-08
5.39987e-08
5.35142e-08
6.3441e-08
5.55065e-08
6.9042e-08
4.24555e-08
4.93163e-08
4.16144e-08
4.59014e-08
5.96114e-08
5.88361e-08
3.46528e-08
5.14443e-08
4.66921e-08
4.93163e-08
6.67318e-08
4.93938e-08
6.03246e-08
4.99636e-08
5.06536e-08
4.07926e-08
6.18905e-08
3.75677e-08
5.35413e-08
5.71035e-08
4.33315e-08
5.66112e-08
6.74683e-08
4.40951e-08
5.33591e-08
4.38703e-08
3.85445e-08
5.4177e-08
4.18896e-08
5.78981e-08
5.57391e-08
6.28906e-08
4.63898e-08
4.60952e-08
4.36726e-08
4.46223e-08
6.68946e-08
4.99093e-08
4.87736e-08
3.65405e-08
3.74165e-08
5.07156e-08
5.12389e-08
6.26192e-08
5.66732e-08
5.12272e-08
4.99248e-08
5.57662e-08
4.40912e-08
4.13663e-08
5.06613e-08
5.27041e-08
4.29439e-08
6.2782e-08
3.75444e-08
5.01613e-08
3.21023e-08
5.04055e-08
7.03483e-08
3.63583e-08
4.18121e-08
7.01312e-08
5.58941e-08
5.05644e-08
5.02737e-08
5.43941e-08
6.43054e-08
4.99985e-08
4.90605e-08
7.82556e-08
4.21764e-08
5.76306e-08
4.8917e-08
4.73472e-08
3.79514e-08
3.82886e-08
5.59523e-08
5.07233e-08
5.4739e-08
5.10179e-08
4.72619e-08
5.0138e-08
5.2487e-08
5.57391e-08
5.04443e-08
4.44168e-08
7.35926e-08
4.44478e-08
5.7995e-08
4.14555e-08
3.58544e-08
4.63433e-08
5.56654e-08
4.79015e-08
3.44861e-08
5.43049e-08
5.43979e-08
4.83783e-08
7.28911e-08
4.63355e-08
6.32549e-08
5.04016e-08
4.61301e-08
5.23009e-08
3.76646e-08
5.49832e-08
5.74717e-08
8.06511e-08
5.82276e-08
6.29061e-08
5.50336e-08
4.53084e-08
4.16958e-08
4.47618e-08
5.95183e-08
5.89602e-08
4.17811e-08
5.61306e-08
5.10257e-08
5.19715e-08
4.89984e-08
5.87702e-08
5.66694e-08
4.19361e-08
4.47463e-08
5.83051e-08
5.17118e-08
4.15097e-08
3.66025e-08
4.90954e-08
4.36765e-08
