8.82658e-07
7.50152e-07
7.67133e-07
7.52974e-07
2.9813e-07
5.59317e-07
2.19583e-06
5.43766e-07
1.2282e-06
1.50727e-06
1.2248e-06
1.34057e-07
2.73593e-06
4.6453e-07
8.70344e-07
3.24449e-07
4.07488e-07
7.97313e-07
1.15191e-06
1.00605e-06
2.98186e-06
5.53077e-07
8.40718e-07
4.88919e-07
1.9208e-06
3.6213e-07
5.516e-07
4.28714e-07
1.52574e-06
6.44217e-07
3.97968e-07
2.98977e-06
1.10863e-06
6.87847e-07
1.79122e-06
1.69676e-06
3.60909e-07
2.82946e-06
2.17642e-06
1.54771e-06
6.83157e-06
4.5044e-07
6.69722e-07
2.23673e-07
2.70199e-07
1.91221e-06
3.19475e-06
8.37803e-07
4.2954e-07
1.71986e-06
2.49498e-06
3.14282e-07
1.17846e-06
5.77694e-07
1.93447e-06
6.76505e-07
2.61916e-07
2.43306e-06
1.16038e-06
4.94225e-07
1.27687e-06
2.24485e-06
4.2961e-07
1.26297e-07
6.36604e-07
7.3674e-07
2.70893e-07
1.85427e-06
6.98448e-07
3.01165e-07
1.55548e-06
7.96697e-07
1.04397e-06
1.53806e-06
2.47876e-06
2.58604e-06
4.89132e-07
9.91865e-07
4.11093e-07
1.12472e-06
1.77134e-06
2.06702e-06
2.75153e-07
5.56356e-07
1.60586e-06
2.85158e-06
5.83993e-07
4.48414e-06
9.42901e-07
8.65053e-07
8.02259e-07
4.68049e-07
1.67265e-06
5.33266e-07
4.62623e-07
1.04663e-06
1.35628e-06
8.01251e-07
4.13504e-07
1.23476e-06
1.35166e-06
4.72274e-07
2.62036e-07
1.26872e-06
1.9178e-06
1.66394e-06
8.25644e-07
6.72586e-07
8.5399e-07
3.53652e-07
2.62024e-07
3.67886e-07
4.39451e-07
3.04464e-07
2.99642e-07
6.28565e-07
1.99564e-06
1.85082e-07
1.06107e-06
1.96164e-06
1.87738e-06
3.71115e-07
1.30005e-06
1.66194e-06
7.34124e-07
2.84029e-07
2.6235e-07
4.2797e-07
5.18862e-07
6.94967e-07
3.06518e-07
3.82522e-07
5.41533e-07
3.17007e-07
6.19739e-07
5.40436e-07
2.12048e-06
1.06684e-06
2.58057e-06
4.63464e-07
2.98553e-07
2.5125e-06
8.92283e-07
4.11159e-07
1.26801e-06
3.62657e-07
1.3404e-06
8.33447e-07
1.30366e-06
1.55358e-06
1.36697e-06
5.56468e-07
2.15103e-07
8.34702e-07
5.95493e-07
1.34923e-06
1.80978e-06
7.16643e-07
1.55819e-06
1.64317e-06
2.58601e-07
5.85892e-07
4.24653e-06
3.9522e-07
2.02614e-06
6.06064e-07
6.43426e-07
2.31798e-06
3.32159e-07
9.0057e-07
1.62126e-06
8.28171e-07
8.89259e-07
1.39251e-06
7.49873e-07
2.88638e-07
1.76037e-06
6.41701e-07
2.53055e-07
2.55741e-07
5.91069e-06
7.5759e-07
8.16597e-07
1.00825e-06
5.09749e-07
1.62105e-06
6.92343e-07
5.33727e-07
1.07977e-06
4.11229e-07
3.55311e-07
4.68999e-07
4.79655e-07
1.70072e-06
1.17593e-06
1.66847e-06
3.55854e-07
3.02441e-07
2.27236e-06
3.25853e-07
1.24026e-06
5.84908e-07
4.61964e-07
2.02583e-07
1.95633e-06
7.00146e-07
3.65517e-07
1.41911e-06
8.26202e-07
7.78746e-07
3.09449e-07
2.08525e-07
1.76263e-06
3.89708e-07
7.29639e-07
2.97278e-07
2.20881e-06
1.06119e-06
1.78875e-06
5.20846e-07
1.66002e-06
4.31444e-06
6.62303e-07
2.78533e-06
2.50919e-07
1.49304e-06
3.71076e-07
1.55023e-06
6.80753e-07
3.73151e-06
4.68577e-06
8.48676e-07
4.79108e-07
9.42622e-07
6.94766e-07
5.71868e-07
3.41788e-07
1.49003e-06
6.31127e-06
2.53401e-06
1.08303e-06
2.67682e-06
9.79752e-07
5.27393e-07
3.98954e-06
1.90395e-06
1.37386e-06
1.06166e-06
1.65697e-06
1.47252e-06
1.72777e-06
6.74327e-07
2.76645e-07
2.12471e-06
1.67849e-06
2.14678e-06
2.32817e-06
8.93337e-07
1.40761e-06
7.10185e-07
6.16634e-07
1.24395e-06
3.23849e-07
4.91349e-07
5.69e-07
5.26064e-07
4.60084e-07
1.84962e-07
1.02037e-06
3.71394e-06
8.23117e-07
1.70593e-07
1.3901e-06
4.93748e-07
1.40388e-06
4.35742e-07
3.76638e-06
1.85255e-06
2.03381e-06
5.46189e-07
1.14031e-06
1.37894e-06
2.13449e-06
4.07395e-06
1.78354e-06
2.48485e-07
3.67486e-07
2.11851e-07
4.02651e-07
6.48395e-07
4.76298e-07
6.46709e-07
8.14988e-07
6.74571e-07
7.7956e-07
2.39131e-07
3.27818e-07
1.9191e-06
2.45775e-07
5.67205e-07
1.20884e-06
5.64771e-07
5.32781e-07
2.89397e-06
1.90977e-06
3.86703e-06
5.43685e-07
5.36847e-07
4.09271e-07
1.86831e-07
9.38401e-07
8.52145e-07
1.18193e-06
3.97882e-06
3.33813e-06
3.22449e-07
1.12867e-06
2.73536e-07
8.87123e-07
1.62987e-06
1.49578e-06
3.3933e-06
4.82271e-07
6.94285e-07
1.49002e-06
3.80192e-07
5.05915e-07
1.5066e-06
5.38452e-07
3.76754e-07
1.14852e-06
4.40129e-07
5.53123e-07
1.28765e-06
7.43888e-07
1.52931e-06
3.60897e-07
6.33708e-07
1.69186e-06
3.25876e-06
5.16718e-07
7.56365e-07
7.56168e-07
1.95966e-06
4.91899e-07
2.36316e-06
9.05237e-07
7.73897e-07
2.06051e-06
2.64113e-07
3.77345e-06
2.05628e-06
7.37399e-07
1.23567e-06
3.02983e-07
1.4218e-06
8.562e-07
1.81987e-06
6.65954e-07
2.45628e-07
1.62345e-06
4.40564e-07
1.24437e-06
1.27671e-06
1.00854e-06
1.39881e-06
3.93577e-07
9.30509e-07
7.63742e-07
2.10408e-06
2.60566e-06
5.53929e-07
1.55471e-06
1.6443e-06
6.85901e-07
1.81187e-06
4.09002e-06
4.03183e-06
6.48236e-07
1.79671e-07
4.18659e-07
1.1583e-06
7.78425e-07
8.08333e-07
6.32216e-07
8.78662e-07
1.24388e-06
4.6482e-07
3.10057e-07
1.92082e-06
1.93098e-06
1.76264e-07
2.52462e-06
1.29384e-06
3.7958e-07
6.31228e-07
4.70515e-07
6.98634e-07
9.30443e-07
4.55893e-06
1.89359e-06
4.86356e-07
3.10143e-07
9.32544e-07
2.00592e-06
6.43941e-07
7.45528e-07
1.3985e-06
1.48524e-06
1.58454e-06
8.7779e-07
3.17003e-07
1.69306e-06
3.52105e-06
4.76685e-07
9.91132e-07
1.1665e-06
4.67429e-07
2.34434e-07
5.28386e-07
1.24514e-06
3.12727e-06
2.32992e-07
3.57416e-07
3.57358e-07
7.76537e-07
8.81546e-07
1.84865e-07
5.90009e-07
3.02894e-07
7.07297e-07
2.25448e-06
1.53572e-06
5.00927e-07
1.05466e-06
4.00786e-07
2.34844e-06
2.73051e-06
7.00417e-07
1.09675e-06
4.22479e-06
1.3805e-06
1.01231e-06
7.44074e-07
1.04272e-07
6.78873e-07
7.23732e-07
4.13756e-07
1.63203e-06
1.15195e-07
5.66771e-07
8.11945e-07
6.66105e-07
5.68577e-07
1.4215e-06
8.92023e-07
3.68308e-07
2.04657e-07
1.97017e-07
5.98009e-07
5.3208e-07
1.02877e-06
2.91099e-07
7.90968e-07
6.95153e-07
6.483e-06
6.00284e-07
1.4177e-06
3.00034e-07
1.11112e-06
3.89799e-06
2.2898e-06
8.92992e-07
4.28557e-06
1.77011e-06
2.22604e-06
4.30427e-07
4.32455e-07
3.7651e-07
5.94412e-07
5.2792e-07
2.36821e-07
5.50557e-07
1.62496e-07
3.75898e-07
7.03014e-07
1.77247e-06
1.66603e-06
1.43968e-07
1.69539e-06
4.36308e-07
1.40363e-06
1.69391e-06
4.37518e-06
1.86048e-07
1.52566e-06
5.50189e-07
1.50537e-06
6.81699e-07
3.41105e-07
4.79577e-07
5.60631e-07
1.52939e-06
1.40911e-06
7.41392e-07
9.75508e-07
6.25243e-07
1.26475e-06
6.81273e-07
3.00945e-07
1.94846e-07
1.84644e-06
3.33826e-07
1.0352e-06
1.12594e-06
3.1103e-07
3.11654e-06
1.73229e-07
1.22782e-06
5.46472e-07
8.65948e-07
3.30938e-07
8.00367e-07
7.45896e-07
1.30624e-06
1.49321e-07
4.23346e-07
2.3775e-06
8.70634e-07
4.51907e-06
5.66318e-06
1.02742e-06
3.69444e-07
6.35344e-07
6.92161e-07
8.1969e-07
6.2953e-07
6.22669e-07
1.61199e-06
3.10717e-06
1.48666e-06
7.22895e-07
2.46008e-07
8.09046e-07
5.65682e-07
9.82322e-07
1.3496e-06
1.14176e-06
5.67635e-07
3.98748e-07
2.2027e-06
4.80348e-07
1.18106e-07
4.93554e-06
1.29486e-06
3.07018e-07
7.86412e-06
2.90862e-06
6.33515e-07
9.26075e-07
6.90141e-07
7.80192e-07
8.54746e-07
5.49972e-07
4.40319e-07
8.56138e-07
7.24523e-07
9.54061e-07
1.25763e-06
1.29567e-06
1.3051e-06
1.24206e-06
1.02516e-06
1.07109e-06
5.08357e-07
8.19031e-07
6.80707e-07
1.0803e-06
7.932e-07
1.20183e-06
5.73527e-07
1.19217e-06
6.88947e-07
7.9341e-07
5.22874e-07
9.49595e-07
5.55061e-07
4.0277e-06
2.13643e-06
1.21123e-06
2.68995e-06
1.43094e-06
1.3422e-06
1.09615e-06
1.14703e-06
2.21712e-06
9.96904e-07
7.36682e-07
4.27536e-07
1.35282e-06
1.62973e-06
1.74991e-06
1.02623e-06
2.58255e-06
2.53778e-06
1.68392e-07
6.69253e-07
4.47649e-07
8.7458e-07
1.06848e-06
2.55801e-06
7.51772e-07
7.3005e-07
2.13753e-06
1.92821e-06
5.15114e-07
8.63595e-07
1.26039e-06
3.44052e-06
1.41041e-06
1.03139e-06
1.00001e-06
3.66785e-06
1.42097e-06
1.39894e-07
1.48696e-06
1.47838e-06
3.09786e-07
9.12144e-07
1.81114e-06
6.58899e-07
2.11655e-06
6.10389e-07
7.96336e-07
4.99655e-07
1.46197e-06
5.72256e-07
3.90635e-07
1.70603e-06
5.82051e-07
4.58343e-07
2.05194e-06
4.52037e-07
5.03892e-07
2.95309e-07
2.00286e-06
8.23807e-07
1.44212e-06
3.62203e-07
9.7424e-07
2.63731e-06
2.71404e-07
1.93706e-06
1.37878e-06
3.03061e-07
1.65287e-07
9.09539e-07
3.35251e-06
8.73972e-07
2.70404e-07
1.0703e-05
1.44917e-06
3.93825e-07
2.60904e-07
6.87471e-07
2.85169e-07
2.67305e-06
1.43876e-06
5.46131e-07
1.06555e-06
1.59951e-06
6.10436e-07
2.13455e-06
9.61402e-07
7.09964e-07
2.84911e-06
4.56095e-07
1.69452e-06
5.27854e-07
4.25981e-07
1.38813e-07
1.52437e-07
1.88046e-06
1.89712e-06
1.58518e-06
1.80299e-07
3.53714e-07
1.90245e-06
3.72156e-06
5.83152e-07
4.10016e-07
3.3288e-07
6.85676e-07
1.73751e-06
1.04621e-06
4.89008e-07
1.67135e-06
1.64332e-06
8.66231e-07
3.62633e-07
1.58496e-07
2.53798e-06
1.11274e-06
2.02447e-06
7.09096e-07
1.38566e-06
5.31948e-07
7.87847e-07
8.45455e-07
3.77142e-07
5.38293e-07
4.85318e-07
5.93036e-07
1.29743e-07
8.84964e-07
1.31926e-06
9.64189e-07
3.62593e-06
7.80142e-07
1.3612e-06
7.43655e-07
6.17832e-07
2.75297e-06
5.2018e-07
6.95959e-07
3.87732e-07
6.10281e-07
6.81486e-07
7.34438e-07
1.59299e-06
6.72982e-07
9.18513e-07
1.52234e-06
6.08409e-07
7.61428e-07
1.44232e-06
3.93774e-06
3.34078e-07
2.87933e-06
5.02679e-07
4.85349e-07
3.00269e-06
2.63219e-06
1.64618e-06
2.36081e-06
1.25166e-06
2.92828e-07
1.9241e-06
9.2047e-07
4.56933e-07
5.54313e-07
3.75483e-07
8.09434e-07
1.38492e-06
2.10998e-07
9.40591e-07
2.77575e-07
4.78073e-07
1.5919e-06
5.18943e-07
4.6246e-07
1.2075e-07
1.39193e-06
5.79462e-07
1.51151e-06
1.20693e-06
6.7104e-07
2.19351e-07
1.30925e-06
4.32776e-07
7.2767e-07
1.84594e-07
3.16496e-07
4.15996e-07
1.76648e-07
5.17315e-07
4.99884e-07
1.19329e-06
1.25123e-06
1.21091e-06
1.4484e-06
1.4558e-06
1.08155e-06
1.8417e-06
1.55306e-06
1.1739e-06
1.57613e-06
5.79217e-07
1.806e-06
4.21249e-07
2.63312e-06
1.20842e-06
5.56623e-07
2.89051e-06
1.9985e-06
1.82372e-06
1.60205e-07
2.83458e-06
4.40533e-07
3.57036e-06
5.41247e-07
5.3901e-07
4.69519e-06
1.56244e-06
2.58211e-06
6.06079e-07
6.03017e-07
2.31311e-06
1.93229e-06
1.92063e-06
1.89116e-06
1.54832e-06
9.89152e-07
5.10617e-07
1.16889e-07
6.26758e-07
3.30415e-07
3.88922e-07
2.58439e-07
8.43695e-07
1.45896e-06
2.32953e-07
3.58168e-07
2.39335e-06
9.92221e-07
8.94612e-07
9.39514e-07
9.28668e-07
1.1456e-06
8.99264e-07
1.72673e-06
7.91929e-07
1.25876e-06
6.61062e-07
5.143e-07
2.26527e-06
1.17892e-06
3.51575e-07
1.97309e-06
8.01999e-07
4.2378e-07
3.11734e-06
1.54338e-06
6.65086e-07
3.18877e-06
4.52037e-07
5.75089e-07
1.27326e-06
1.22811e-06
4.18307e-06
2.4719e-06
1.77149e-06
5.37541e-07
3.70409e-06
5.19598e-07
1.94358e-07
2.31182e-07
5.12276e-07
5.02477e-07
2.9001e-07
8.39974e-07
8.75879e-07
9.77508e-07
4.5552e-06
5.52503e-07
1.19161e-06
1.55618e-06
1.33466e-06
1.32341e-06
2.43554e-07
2.86393e-06
4.28586e-07
2.40651e-06
1.91736e-06
1.79392e-06
6.92176e-07
6.86005e-07
1.21769e-06
5.52829e-07
1.43582e-06
9.23555e-07
7.42601e-07
2.6516e-07
1.03868e-06
9.85853e-07
2.49027e-06
3.29708e-06
5.61732e-07
4.47672e-07
2.80095e-07
1.01001e-07
1.09678e-06
2.35081e-07
9.40397e-07
4.19372e-06
4.95353e-07
9.26819e-07
6.26468e-07
3.38349e-07
1.02805e-06
2.02688e-07
6.46252e-07
2.54526e-06
8.87608e-07
3.06446e-06
2.68024e-07
8.73487e-07
3.64789e-07
7.20778e-07
1.71159e-07
6.69609e-07
8.51017e-07
9.75895e-07
2.11022e-07
1.61463e-06
3.4573e-07
4.20167e-07
1.46999e-06
2.83032e-06
6.77788e-07
1.3138e-06
9.62317e-07
2.70785e-06
1.96734e-07
1.72935e-07
1.5358e-06
3.76448e-07
1.00662e-06
2.351e-06
4.24059e-07
1.62621e-06
1.43032e-06
5.44328e-07
2.22212e-06
2.46142e-06
1.15182e-06
1.83953e-06
3.81673e-07
7.72699e-07
4.30315e-07
2.42005e-06
1.07241e-06
1.02931e-06
8.98884e-07
2.78327e-07
2.50534e-06
1.36582e-06
1.83497e-07
9.25552e-07
7.90549e-07
1.30388e-06
7.30364e-07
3.96751e-07
7.05479e-07
2.52896e-07
3.28213e-07
2.69191e-07
5.39673e-07
2.04885e-06
1.07461e-06
2.04717e-06
3.77205e-06
7.91216e-07
5.04799e-07
5.60771e-07
1.1801e-06
1.1027e-06
3.01463e-06
1.28677e-06
5.31735e-07
1.53166e-06
1.75225e-07
4.08027e-07
3.11492e-07
3.6761e-07
2.9432e-07
1.96636e-06
7.3562e-07
2.55753e-06
1.10248e-06
9.08997e-07
9.28556e-07
3.02336e-06
3.64738e-07
1.60277e-06
1.18556e-06
4.18601e-07
1.37499e-06
1.67597e-06
3.3073e-06
5.96421e-06
1.45851e-06
1.00797e-06
4.18549e-06
1.62697e-06
1.2283e-06
1.2638e-06
3.00629e-06
2.42803e-06
7.04758e-07
