3.30247e-05
1.49752e-05
4.6784e-06
2.03064e-05
1.20261e-05
1.25453e-05
3.13475e-05
2.03536e-05
5.04237e-06
7.00762e-07
1.84254e-06
1.66305e-06
7.19835e-05
0.000157956
1.00018e-05
3.19631e-05
4.76147e-05
6.14395e-05
3.98812e-06
5.5453e-06
5.23521e-06
3.7627e-05
5.01088e-06
4.55843e-05
5.57882e-06
5.36893e-06
4.81825e-07
2.12964e-05
7.00087e-07
2.23152e-06
3.76075e-05
1.07691e-05
2.97014e-06
1.63334e-06
4.78478e-06
1.18721e-05
7.14117e-05
4.85691e-06
4.26974e-06
4.14113e-05
5.69177e-06
2.22473e-05
7.81266e-06
5.20716e-06
7.55623e-05
5.8074e-05
3.72547e-05
1.22077e-05
7.81904e-05
1.42798e-05
3.31716e-05
1.68624e-05
6.20709e-06
5.55703e-06
2.98176e-05
2.27359e-05
3.36152e-06
1.8872e-05
8.55106e-06
4.2734e-05
9.43055e-06
4.82529e-06
1.43921e-05
7.48096e-05
1.80456e-05
3.15407e-05
3.08518e-05
3.54982e-05
8.62822e-06
2.45184e-05
7.90549e-07
4.09984e-05
2.67437e-05
3.36493e-05
4.30168e-05
9.94987e-06
1.73332e-05
7.01238e-06
2.63214e-05
1.39046e-05
1.72116e-05
2.65015e-05
3.51472e-05
2.70363e-05
6.52136e-05
2.7591e-05
5.67362e-06
5.44839e-06
1.73034e-05
5.83318e-05
4.98908e-05
3.14859e-05
1.55206e-05
1.90458e-05
1.97881e-05
1.52124e-05
1.09252e-05
5.07181e-06
4.26996e-06
9.21719e-05
6.22145e-06
8.67561e-06
1.99651e-05
9.20831e-05
2.39489e-05
4.89918e-05
3.08007e-05
8.89349e-06
3.24631e-05
1.67229e-05
1.32439e-05
2.57442e-06
2.69063e-05
8.59886e-06
1.58882e-05
3.52466e-05
6.42275e-06
2.95742e-05
1.60582e-06
8.35678e-06
5.5571e-05
1.1719e-05
5.65973e-05
6.04379e-05
2.61755e-05
5.10313e-06
2.3366e-05
4.61802e-06
1.10799e-06
2.06632e-05
4.42623e-05
1.10401e-06
1.73232e-05
2.488e-06
4.84096e-06
3.73028e-05
1.06037e-05
3.26837e-05
2.55153e-05
3.47942e-05
1.07266e-05
3.1602e-05
1.22234e-06
2.98182e-05
2.59053e-05
4.69721e-06
3.4779e-06
2.11192e-05
6.1318e-05
3.36629e-06
2.17726e-05
0.000106834
1.51125e-05
3.49834e-05
1.20136e-05
3.54747e-05
6.27653e-06
1.57754e-05
4.14835e-06
5.57804e-05
2.08591e-06
1.45594e-05
4.83777e-05
1.04027e-05
1.22342e-05
1.11626e-05
6.36667e-05
8.7156e-06
2.83399e-05
1.17251e-05
1.31594e-05
4.54425e-05
7.05864e-05
6.46598e-05
1.23402e-05
1.34001e-05
3.92458e-05
5.64621e-06
2.78259e-06
2.88071e-06
0.000105799
3.55339e-05
5.55042e-07
7.23336e-06
1.2919e-05
2.98762e-05
3.96134e-06
1.35357e-05
1.96254e-06
1.36683e-05
1.63371e-05
6.16539e-06
0.000113833
1.43672e-05
6.57795e-05
1.56622e-05
2.29612e-05
3.36246e-05
8.44557e-06
7.6228e-06
6.16542e-05
3.20711e-06
2.07332e-06
2.41898e-05
5.29174e-05
3.07323e-05
4.34129e-05
6.23187e-05
7.67003e-05
4.20796e-06
2.20175e-05
3.03321e-06
4.16178e-05
6.57937e-05
8.49786e-06
1.41866e-05
4.71962e-06
6.865e-05
1.07122e-05
0.000161809
2.05986e-05
2.558e-05
1.13175e-05
9.50056e-05
3.45771e-05
3.70115e-05
6.29066e-06
1.14015e-05
9.30839e-06
7.05905e-05
2.14993e-05
1.68755e-05
1.67517e-05
2.69287e-06
2.27574e-05
7.06013e-06
3.80939e-05
2.22126e-05
5.57966e-05
6.23734e-05
3.62842e-06
1.56566e-06
2.05976e-05
2.68558e-05
1.24353e-05
7.41061e-05
2.37945e-05
1.56872e-05
6.98861e-05
4.64576e-07
1.72494e-05
1.00339e-05
1.55652e-06
1.72868e-05
2.39177e-05
5.52914e-06
4.39807e-05
2.31226e-06
1.0664e-05
2.44749e-05
1.94762e-05
6.32344e-06
1.52773e-05
1.45425e-05
2.11394e-05
1.07813e-06
8.39323e-05
2.33211e-05
2.48048e-05
1.72643e-06
2.37903e-05
1.34485e-05
2.02216e-06
6.38766e-06
7.46923e-06
2.72566e-05
1.1889e-05
1.09102e-05
4.29696e-05
5.77453e-06
6.38932e-05
2.33083e-05
1.27044e-05
1.03655e-05
0.000123707
7.63703e-05
3.01089e-05
3.2111e-06
3.83442e-05
2.06341e-05
2.73537e-05
8.52645e-05
3.70192e-05
1.09569e-05
1.67062e-05
8.02383e-06
7.36963e-05
1.14749e-06
1.17678e-05
2.03391e-05
7.95362e-06
1.41299e-05
1.53678e-05
3.33267e-05
1.16835e-05
2.23126e-05
1.01941e-05
2.41392e-05
3.19073e-05
3.76197e-05
7.34511e-06
1.15423e-05
4.85752e-06
3.69282e-06
1.37581e-05
1.22286e-05
7.18317e-05
1.51614e-05
3.23969e-05
4.45194e-05
1.6259e-05
0.000100675
7.40684e-06
7.22779e-05
2.65565e-06
3.05566e-05
1.73037e-05
2.32091e-06
2.09345e-05
3.19154e-05
1.22297e-05
9.69306e-06
8.77095e-06
2.29326e-05
3.62315e-06
9.85057e-05
2.12865e-05
1.77007e-06
8.72811e-05
3.36044e-05
2.04333e-05
1.51036e-05
2.2776e-05
8.6064e-06
1.51309e-05
7.53121e-06
1.37057e-05
1.77149e-05
1.85339e-05
1.33521e-05
7.25077e-06
3.12922e-05
4.70219e-05
7.69459e-05
1.42277e-05
6.53877e-06
1.0309e-05
1.06624e-05
2.1048e-05
7.20272e-06
6.534e-05
4.34773e-05
8.2843e-06
2.01702e-06
1.82721e-06
2.01565e-05
8.89135e-06
2.154e-05
9.57757e-06
3.67265e-06
1.05265e-05
2.1167e-05
6.47782e-05
1.43831e-05
6.40068e-05
1.45595e-05
8.24991e-06
1.347e-05
1.04498e-05
5.62386e-05
2.62933e-05
3.3007e-05
2.8727e-05
6.80535e-05
8.33544e-06
5.21608e-05
2.67025e-05
1.25485e-05
1.24988e-05
2.89443e-05
2.82319e-05
3.29522e-05
4.35861e-05
3.95729e-05
7.98518e-07
9.35744e-06
1.83827e-05
8.61306e-06
2.56045e-05
4.10915e-06
2.25797e-05
4.02731e-05
2.68096e-05
2.03997e-05
4.00287e-05
8.26822e-06
5.97827e-07
5.84579e-05
4.53539e-05
3.04156e-06
1.29192e-05
2.11543e-05
3.56635e-06
3.33256e-05
9.40615e-06
1.11501e-05
3.45775e-05
2.56794e-05
1.64222e-05
3.53052e-05
4.69287e-05
2.76409e-05
2.48307e-05
6.5227e-06
7.13904e-06
5.8054e-06
5.76129e-05
4.87779e-05
4.96275e-06
4.91428e-05
1.16273e-05
2.58888e-05
8.73209e-05
2.67214e-05
4.01591e-05
1.41841e-05
1.62526e-05
4.31972e-05
2.93665e-05
7.92141e-06
2.92177e-05
2.42834e-05
2.509e-05
2.30982e-05
7.31223e-06
5.42524e-05
2.7021e-05
6.26139e-05
2.00091e-05
5.33851e-05
3.74367e-06
8.70735e-07
1.78311e-05
5.38647e-05
0.000146402
1.91876e-05
7.11363e-06
1.17697e-06
6.82281e-05
2.07981e-05
6.46771e-05
1.55216e-06
5.07674e-06
3.32655e-05
2.08193e-05
1.92511e-05
4.93117e-06
3.35543e-07
3.30246e-05
1.84783e-05
5.56378e-05
4.43164e-05
3.24098e-05
1.02548e-05
4.26024e-05
6.89481e-06
1.71436e-06
2.35332e-05
5.74539e-05
1.02202e-05
1.21613e-05
0.000123797
8.58971e-06
1.19263e-05
2.34384e-05
1.08855e-05
1.47993e-05
5.83893e-05
3.78375e-05
3.39173e-05
1.31557e-05
3.99929e-05
8.82155e-06
1.22528e-05
3.43606e-06
2.20317e-06
2.66423e-07
2.81215e-07
7.67746e-06
9.98164e-06
1.20957e-05
3.46419e-05
9.63298e-07
2.8801e-06
1.95079e-05
1.24368e-05
3.36229e-05
0.000109144
6.13912e-06
2.8149e-05
1.35084e-05
2.83966e-05
4.13462e-05
1.32526e-05
1.13597e-05
1.18207e-05
7.3114e-05
5.70465e-05
1.05381e-06
3.92182e-05
1.69281e-05
1.13375e-05
2.1083e-05
7.58445e-06
0.000139006
1.21291e-05
8.45893e-05
1.65325e-05
1.62479e-06
2.3109e-05
2.68759e-06
4.2992e-05
2.38302e-06
2.03428e-05
6.59006e-06
3.69571e-05
8.99121e-06
4.73401e-05
3.15091e-05
3.61685e-05
7.51041e-06
5.31631e-06
3.15878e-05
6.78305e-06
3.4997e-05
3.3896e-05
2.97005e-05
3.35872e-05
3.61741e-05
3.31321e-06
1.6958e-05
3.02521e-05
1.71955e-05
5.49517e-05
1.89492e-05
2.38213e-05
3.55936e-05
1.4055e-05
2.35435e-06
2.73295e-05
2.80741e-06
1.22298e-06
1.46912e-05
1.01638e-05
3.54037e-05
3.71076e-05
4.53197e-05
2.33362e-05
4.26393e-05
2.30826e-05
2.0077e-05
2.90822e-05
5.40359e-05
2.06416e-05
4.96825e-06
1.66515e-05
3.47344e-05
8.03711e-06
3.31204e-05
1.25872e-06
2.85476e-05
7.48663e-05
3.01595e-06
2.74264e-05
1.62142e-05
4.72069e-07
2.78749e-05
1.74249e-05
5.56918e-06
1.42879e-05
4.98353e-05
1.26728e-06
1.81463e-05
7.97544e-05
5.47953e-05
2.93598e-05
3.32077e-06
2.08669e-05
2.34098e-06
2.81082e-05
1.14885e-05
4.16659e-05
0.000109757
2.0501e-05
9.84e-06
6.93255e-05
1.4557e-05
1.9864e-05
3.40219e-06
5.75759e-06
5.55917e-06
2.31002e-05
2.30653e-05
2.39951e-05
5.00681e-06
7.59077e-06
2.60293e-06
2.4007e-05
4.33627e-05
5.58872e-05
1.85197e-05
6.32528e-06
6.55575e-06
4.58752e-05
5.31481e-05
4.61603e-06
7.53065e-06
3.09956e-05
7.42016e-05
4.61634e-05
1.1178e-05
2.80221e-05
2.47539e-05
5.30593e-05
5.7478e-06
7.91632e-06
2.37739e-06
3.46359e-05
1.25175e-05
3.42026e-06
2.72462e-05
7.8483e-05
8.3505e-06
4.46239e-06
3.46197e-05
1.59795e-05
1.28731e-06
4.03653e-05
1.84552e-05
6.47247e-05
7.64428e-06
1.12074e-05
2.84468e-05
9.46878e-05
4.09474e-05
1.18577e-05
2.74819e-05
1.65021e-05
9.2573e-06
2.05341e-05
1.97418e-05
0.000100441
2.58859e-05
3.80692e-05
4.16764e-05
3.02304e-05
9.21304e-06
7.38463e-06
2.59923e-05
9.67529e-06
2.1359e-05
6.34489e-05
5.55129e-05
3.37063e-05
7.65706e-05
3.59317e-06
1.14638e-05
1.56909e-06
1.55576e-05
2.98118e-06
8.35895e-06
1.35259e-05
7.86597e-06
2.14147e-05
8.82253e-06
6.29306e-05
8.44637e-06
0.000146921
1.03623e-05
1.72323e-05
8.9771e-06
2.06479e-05
5.62096e-05
3.25845e-05
1.53466e-05
2.10619e-05
9.81732e-06
4.0817e-05
3.00758e-05
7.28839e-05
5.66552e-06
5.77344e-05
1.59292e-06
1.13236e-05
0.000145512
9.48038e-06
4.91019e-06
1.24772e-05
3.98984e-05
5.37754e-07
6.85548e-06
6.28386e-05
6.74186e-06
4.83768e-06
2.95279e-05
2.5454e-05
4.63976e-05
1.04442e-06
5.81827e-06
4.66208e-06
6.01252e-05
2.92109e-06
1.59837e-05
2.73158e-05
9.51989e-06
2.95415e-05
3.68872e-05
1.06222e-06
1.25255e-05
1.71973e-05
2.01868e-05
0.000158613
4.09592e-05
6.23188e-05
1.88898e-05
4.1172e-06
3.52541e-05
1.22764e-05
8.99244e-06
3.5209e-06
2.38167e-05
2.36133e-06
9.87633e-06
4.65333e-05
7.14437e-05
3.6125e-05
3.03366e-06
1.78996e-05
6.13728e-05
1.72484e-05
2.24341e-05
1.49961e-06
2.55518e-05
7.05639e-05
2.25044e-05
4.33045e-06
6.06647e-05
4.04901e-05
4.63107e-05
1.06512e-05
3.35815e-05
4.51691e-05
1.43611e-05
2.26082e-05
1.33584e-05
2.77847e-05
1.49713e-06
2.6901e-05
1.3975e-05
4.75894e-05
4.59111e-05
1.90271e-05
4.52943e-05
7.34812e-05
1.0868e-05
2.25308e-05
4.47287e-05
3.45887e-05
1.02741e-05
5.58318e-05
1.95541e-05
4.58574e-05
5.09537e-05
3.04931e-06
1.53325e-05
4.35906e-05
5.71583e-06
2.97436e-06
8.08391e-07
4.58436e-05
2.44207e-06
7.97342e-06
1.32456e-06
1.50823e-05
2.17178e-05
3.4913e-05
8.97919e-06
1.5188e-05
3.1633e-05
6.08795e-05
2.55573e-05
1.38798e-05
3.08277e-06
7.70707e-06
7.53955e-05
4.94673e-05
2.5002e-05
5.52445e-05
2.12519e-05
2.44579e-05
4.29104e-05
9.95511e-06
1.92601e-05
2.57169e-05
2.01819e-05
9.67538e-06
8.49295e-06
5.97385e-06
0.000112263
1.98404e-05
2.33863e-05
6.0009e-05
4.88034e-06
1.33174e-05
5.94429e-05
9.84068e-06
8.3509e-06
8.27535e-06
2.32294e-05
2.64724e-05
7.41141e-06
6.94802e-06
1.58876e-05
3.88248e-05
3.43593e-06
2.4346e-06
3.18735e-05
4.196e-05
5.47695e-05
2.05644e-05
1.55603e-06
1.8894e-05
2.11355e-05
2.20943e-06
1.064e-05
1.50668e-05
2.6771e-06
7.08209e-06
1.5837e-05
1.95637e-06
4.33629e-07
1.00402e-05
2.21181e-05
1.22701e-05
2.2074e-05
9.93619e-06
3.0812e-05
1.17756e-06
1.60102e-05
3.29695e-06
4.94485e-07
1.00031e-05
4.43835e-06
2.17979e-06
1.11851e-05
2.5764e-05
4.02964e-05
8.24359e-06
2.38219e-06
6.52082e-05
5.89507e-05
2.86251e-05
9.47959e-06
2.2626e-05
1.72156e-05
4.2805e-06
4.88373e-05
8.77344e-07
2.86359e-06
3.65194e-05
1.83155e-05
3.09502e-05
9.61772e-06
1.43603e-05
1.73693e-05
3.89047e-06
4.67973e-05
7.14836e-06
3.29332e-06
4.70673e-07
5.77777e-05
3.23e-05
9.14681e-06
1.97379e-06
1.22119e-06
1.34819e-05
4.57254e-05
2.7596e-05
3.10493e-06
1.53315e-05
1.05207e-06
6.93179e-05
3.88097e-05
2.21164e-06
1.98421e-06
4.46055e-05
1.23573e-05
1.57708e-05
1.54114e-05
8.07601e-05
8.74428e-05
7.10762e-05
2.28363e-05
4.07974e-06
1.65427e-05
5.22786e-05
2.43702e-06
5.60818e-06
1.95298e-05
8.51252e-06
4.52281e-05
2.69205e-05
7.87811e-05
1.29729e-05
1.02852e-05
3.71642e-05
7.38831e-05
3.36249e-05
4.38562e-06
2.67224e-05
0.00012427
1.96955e-05
7.92703e-06
1.66479e-05
3.21448e-06
3.13649e-05
1.69858e-05
3.13095e-06
7.48143e-05
1.74881e-06
2.76236e-06
0.000178377
3.47827e-05
2.16667e-05
2.65048e-05
2.24968e-05
4.55621e-05
5.79547e-06
2.46934e-05
6.53093e-06
4.75108e-05
1.19394e-05
1.79669e-05
0.000159635
8.88068e-05
1.93371e-05
2.07278e-05
6.99729e-05
1.76281e-05
0.000105871
4.02352e-05
1.49628e-05
1.71515e-05
2.24549e-05
7.41775e-05
1.9059e-05
8.47428e-07
1.31019e-06
5.55259e-05
5.44537e-05
1.50698e-05
9.49054e-06
5.95199e-07
3.33365e-05
1.47163e-05
1.70334e-05
1.03611e-05
9.40807e-06
6.27003e-05
2.3159e-05
2.01947e-06
3.52953e-06
1.41315e-05
4.29405e-05
6.43281e-05
1.76504e-07
1.84939e-05
1.66328e-05
1.18218e-05
2.1209e-05
9.93131e-05
6.08788e-06
2.79452e-05
1.32016e-05
2.43805e-05
1.64756e-05
2.04177e-05
2.77451e-05
4.58478e-06
0.000125963
