4.40292e-08
6.70768e-08
5.56344e-08
1.12974e-07
8.19225e-08
9.20354e-08
6.87009e-08
8.65312e-08
5.51383e-08
8.88841e-08
6.65225e-08
8.36319e-08
4.65836e-08
5.72857e-08
7.85774e-08
5.7464e-08
5.5115e-08
5.43669e-08
6.7259e-08
4.9731e-08
5.51073e-08
1.04144e-07
4.90295e-08
9.03221e-08
5.23164e-08
6.53132e-08
8.13992e-08
6.23518e-08
6.03323e-08
6.26851e-08
1.0016e-07
1.00764e-07
6.46814e-08
5.82508e-08
8.72212e-08
1.08625e-07
4.12461e-08
7.24104e-08
5.01652e-08
5.52933e-08
6.32821e-08
5.48166e-08
6.22123e-08
8.24962e-08
7.31042e-08
9.46014e-08
6.86777e-08
7.71393e-08
5.05644e-08
5.57352e-08
6.60845e-08
6.0654e-08
5.44483e-08
4.74829e-08
3.93158e-08
6.05455e-08
5.34987e-08
5.58515e-08
6.21425e-08
5.72547e-08
6.17936e-08
6.21076e-08
7.84107e-08
6.46659e-08
7.43679e-08
6.4162e-08
5.98013e-08
9.93225e-08
4.29284e-08
8.269e-08
7.10227e-08
8.59925e-08
8.02557e-08
1.08172e-07
7.40268e-08
6.5724e-08
6.93638e-08
7.67246e-08
1.07424e-07
7.84843e-08
1.26347e-07
8.07441e-08
6.44255e-08
6.12471e-08
2.99278e-08
5.94408e-08
6.37317e-08
6.14021e-08
1.03315e-07
6.12626e-08
8.995e-08
8.41358e-08
8.05348e-08
1.02815e-07
6.76079e-08
4.2033e-08
8.01356e-08
4.72309e-08
5.94641e-08
6.47395e-08
5.56616e-08
6.71233e-08
4.989e-08
7.16739e-08
1.0002e-07
8.87096e-08
6.84684e-08
6.679e-08
6.69683e-08
9.50743e-08
5.00799e-08
8.25621e-08
6.83521e-08
7.33678e-08
8.73103e-08
8.40815e-08
7.6961e-08
1.00168e-07
6.36038e-08
3.906e-08
8.28954e-08
6.59024e-08
1.0059e-07
6.40806e-08
7.17166e-08
5.32351e-08
5.92392e-08
6.38325e-08
6.21541e-08
7.1767e-08
5.2018e-08
7.77207e-08
1.24258e-07
8.41164e-08
6.2751e-08
6.85653e-08
4.89248e-08
8.25659e-08
9.45975e-08
5.61577e-08
6.56155e-08
8.69189e-08
7.1484e-08
7.36159e-08
8.7853e-08
8.38489e-08
4.50293e-08
6.6445e-08
5.83865e-08
7.43059e-08
4.64053e-08
5.44987e-08
7.23174e-08
1.06676e-07
6.16502e-08
1.02889e-07
7.38446e-08
6.62861e-08
5.22932e-08
6.39216e-08
5.71849e-08
5.19172e-08
4.42463e-08
5.77198e-08
5.26769e-08
5.85144e-08
4.59014e-08
8.76204e-08
6.81583e-08
5.08319e-08
6.28712e-08
7.60307e-08
7.73021e-08
5.50065e-08
5.49755e-08
8.59304e-08
7.32244e-08
6.58365e-08
8.67057e-08
6.32084e-08
7.92208e-08
4.86845e-08
5.86346e-08
6.32239e-08
6.30611e-08
4.65914e-08
6.57124e-08
5.23397e-08
7.80967e-08
6.58248e-08
5.45956e-08
1.18909e-07
5.97703e-08
7.91355e-08
5.91113e-08
1.15467e-07
1.00861e-07
8.06744e-08
9.01554e-08
9.58418e-08
4.71263e-08
5.50491e-08
7.75231e-08
7.13522e-08
7.3833e-08
5.83012e-08
8.35892e-08
6.41581e-08
5.39987e-08
5.98129e-08
1.0954e-07
6.20843e-08
6.66001e-08
7.54106e-08
7.59687e-08
7.12476e-08
5.04287e-08
5.18784e-08
7.51392e-08
6.39449e-08
3.54978e-08
5.86191e-08
7.50036e-08
5.04791e-08
4.73084e-08
6.43519e-08
5.5805e-08
6.1313e-08
8.98725e-08
7.77944e-08
7.16972e-08
4.55758e-08
9.9935e-08
8.19923e-08
7.34919e-08
6.27627e-08
5.79911e-08
6.45379e-08
8.18333e-08
9.06787e-08
6.34139e-08
5.0797e-08
6.17161e-08
1.05931e-07
5.35723e-08
7.75851e-08
6.79645e-08
7.83448e-08
7.68641e-08
5.18707e-08
8.21706e-08
9.74077e-08
5.7902e-08
5.56344e-08
5.49135e-08
7.52749e-08
6.11541e-08
8.91399e-08
7.16507e-08
6.63404e-08
9.52603e-08
7.05886e-08
6.49527e-08
6.68753e-08
6.8763e-08
5.23591e-08
6.1875e-08
5.60841e-08
5.49018e-08
4.37269e-08
6.69218e-08
5.17893e-08
6.16928e-08
5.75105e-08
6.14176e-08
6.95886e-08
6.83947e-08
8.01821e-08
4.68782e-08
7.11817e-08
8.50583e-08
5.67934e-08
9.6365e-08
8.61049e-08
6.13711e-08
7.9686e-08
7.05809e-08
6.39837e-08
5.79136e-08
6.07975e-08
4.52812e-08
7.59067e-08
6.91661e-08
9.75163e-08
6.67318e-08
9.10896e-08
5.94718e-08
8.8415e-08
5.29211e-08
4.67735e-08
5.98633e-08
7.72866e-08
5.5743e-08
5.39793e-08
8.48645e-08
5.934e-08
7.16933e-08
4.03818e-08
8.081e-08
4.57309e-08
7.45966e-08
8.74228e-08
7.31197e-08
5.82043e-08
4.86767e-08
5.20335e-08
5.15645e-08
7.68447e-08
6.32511e-08
6.89994e-08
6.13362e-08
7.90619e-08
6.48287e-08
6.25534e-08
7.81587e-08
6.68946e-08
6.31193e-08
1.18963e-07
6.81234e-08
5.6429e-08
5.30568e-08
4.33431e-08
8.30621e-08
4.66999e-08
6.30766e-08
5.49445e-08
7.05576e-08
8.3752e-08
1.19137e-07
7.54648e-08
7.22941e-08
4.38432e-08
5.88633e-08
5.75376e-08
4.76185e-08
1.15172e-07
6.21115e-08
7.70851e-08
7.65075e-08
6.97475e-08
5.9092e-08
8.34032e-08
5.03784e-08
4.84015e-08
6.43713e-08
6.09525e-08
8.21241e-08
7.1108e-08
7.09336e-08
1.46247e-07
8.6415e-08
6.70729e-08
5.51615e-08
8.51009e-08
8.31047e-08
4.31222e-08
8.1e-08
6.91196e-08
1.00788e-07
9.23687e-08
7.52129e-08
4.85992e-08
1.01691e-07
6.55923e-08
5.07505e-08
7.66354e-08
6.36736e-08
6.22588e-08
6.27898e-08
7.88913e-08
6.68288e-08
7.64377e-08
7.00925e-08
7.5333e-08
7.03638e-08
8.76282e-08
7.17398e-08
5.88051e-08
5.00062e-08
7.7368e-08
7.82673e-08
6.75613e-08
5.14908e-08
7.06158e-08
6.06463e-08
5.23436e-08
5.29366e-08
6.03943e-08
5.45297e-08
7.04956e-08
6.31968e-08
6.03091e-08
8.4004e-08
5.95338e-08
5.0514e-08
5.88943e-08
8.1155e-08
6.96312e-08
7.11778e-08
8.90003e-08
7.68137e-08
5.87586e-08
5.9402e-08
7.59842e-08
9.06787e-08
7.11119e-08
4.45525e-08
7.38058e-08
7.58175e-08
6.76582e-08
4.64324e-08
5.96889e-08
1.36317e-07
5.41421e-08
4.76534e-08
7.30887e-08
7.73331e-08
6.37472e-08
9.53185e-08
7.21042e-08
5.60065e-08
5.00721e-08
7.61276e-08
5.75764e-08
7.12902e-08
5.8778e-08
6.02936e-08
6.88909e-08
8.8136e-08
7.76355e-08
4.53239e-08
5.63476e-08
7.12708e-08
5.23629e-08
5.6681e-08
4.05213e-08
7.33252e-08
7.86549e-08
8.06976e-08
5.05993e-08
8.06317e-08
7.88409e-08
6.68094e-08
8.24148e-08
7.60811e-08
8.68685e-08
6.82746e-08
4.96264e-08
8.94577e-08
6.02238e-08
6.80032e-08
6.27898e-08
5.93478e-08
6.2472e-08
7.30655e-08
7.37671e-08
7.43834e-08
6.72668e-08
5.96152e-08
5.6867e-08
8.58645e-08
5.17156e-08
7.29492e-08
6.56465e-08
6.30689e-08
6.22239e-08
7.99379e-08
7.12553e-08
9.37525e-08
6.64179e-08
5.88788e-08
6.49411e-08
8.03604e-08
9.46401e-08
5.69407e-08
5.68903e-08
9.49968e-08
6.20998e-08
5.56538e-08
7.27321e-08
6.30069e-08
8.19419e-08
8.07054e-08
6.48558e-08
6.95614e-08
7.1705e-08
8.72173e-08
5.4677e-08
7.45384e-08
7.06158e-08
5.70725e-08
6.45767e-08
6.58907e-08
1.233e-07
6.96661e-08
6.83715e-08
7.48795e-08
7.35345e-08
5.72624e-08
6.16773e-08
7.00925e-08
7.83603e-08
9.9338e-08
1.02927e-07
6.95227e-08
9.98768e-08
6.10262e-08
4.27656e-08
9.28843e-08
5.18009e-08
5.47235e-08
6.17355e-08
8.80391e-08
6.66233e-08
6.95576e-08
5.85183e-08
8.00309e-08
7.27554e-08
8.17674e-08
8.67483e-08
7.00498e-08
9.38959e-08
7.82363e-08
7.86355e-08
6.13983e-08
4.88008e-08
8.75042e-08
8.55118e-08
5.07776e-08
1.00404e-07
5.8057e-08
6.04525e-08
7.12011e-08
6.19836e-08
8.25621e-08
6.53519e-08
4.69635e-08
7.9872e-08
7.97441e-08
8.87523e-08
7.24104e-08
8.35892e-08
6.22316e-08
9.04268e-08
6.96428e-08
6.82397e-08
6.28828e-08
6.14254e-08
8.0434e-08
9.40161e-08
6.14564e-08
6.21735e-08
6.03362e-08
8.57599e-08
6.3096e-08
9.79775e-08
5.25955e-08
7.99844e-08
9.57332e-08
5.47894e-08
7.63718e-08
5.08706e-08
6.34487e-08
7.96588e-08
7.16274e-08
6.97281e-08
9.71558e-08
6.67706e-08
5.5146e-08
6.80304e-08
6.97514e-08
6.76272e-08
6.49992e-08
1.21762e-07
6.78404e-08
6.33945e-08
5.57158e-08
6.94452e-08
6.50961e-08
8.65661e-08
5.32661e-08
1.00164e-07
5.44251e-08
5.60647e-08
5.07466e-08
8.65816e-08
1.07148e-07
7.59338e-08
6.01424e-08
9.18377e-08
6.56737e-08
4.22346e-08
5.63476e-08
5.33281e-08
4.90837e-08
6.14603e-08
9.91442e-08
5.67081e-08
7.02979e-08
1.16692e-07
6.64799e-08
6.50922e-08
6.39759e-08
5.99718e-08
6.63791e-08
5.40568e-08
4.34943e-08
7.38252e-08
7.71665e-08
4.32928e-08
6.13207e-08
6.68985e-08
8.73607e-08
1.4091e-07
6.57318e-08
7.17321e-08
7.0922e-08
6.99646e-08
6.39604e-08
6.54527e-08
7.34802e-08
3.83119e-08
8.50738e-08
8.60351e-08
4.82038e-08
7.4112e-08
5.27661e-08
1.06931e-07
5.02117e-08
7.66199e-08
1.3984e-07
8.71708e-08
6.2751e-08
5.36382e-08
9.66519e-08
4.8886e-08
9.67178e-08
6.38635e-08
5.24327e-08
5.3425e-08
5.57468e-08
6.4724e-08
4.64983e-08
6.72319e-08
8.4004e-08
8.79383e-08
7.44105e-08
7.83913e-08
7.49144e-08
6.31309e-08
6.45108e-08
5.33669e-08
1.06842e-07
7.3174e-08
4.70642e-08
7.13135e-08
7.46547e-08
7.3205e-08
5.14133e-08
6.66466e-08
7.593e-08
7.54726e-08
5.24792e-08
8.25233e-08
9.25858e-08
6.82009e-08
6.41581e-08
6.63752e-08
4.93589e-08
8.03565e-08
5.8526e-08
7.15383e-08
7.99534e-08
6.58016e-08
5.24831e-08
8.19613e-08
5.70725e-08
6.65652e-08
5.62081e-08
9.16361e-08
6.11386e-08
7.6085e-08
8.84383e-08
4.65642e-08
3.70793e-08
6.11928e-08
4.81496e-08
4.85372e-08
5.91501e-08
7.54067e-08
7.90348e-08
7.90309e-08
5.67818e-08
5.98594e-08
6.7511e-08
5.23281e-08
4.75992e-08
7.43795e-08
8.57599e-08
7.16739e-08
6.46736e-08
7.593e-08
7.78254e-08
6.71117e-08
8.50777e-08
6.32045e-08
8.76592e-08
7.38368e-08
8.25543e-08
5.53127e-08
9.52565e-08
5.89563e-08
8.76786e-08
1.00877e-07
7.54222e-08
6.4631e-08
7.97015e-08
8.47753e-08
6.78559e-08
7.16468e-08
7.28717e-08
8.31319e-08
7.46935e-08
6.82707e-08
6.48209e-08
7.49028e-08
5.46693e-08
6.89219e-08
1.10273e-07
5.77779e-08
4.38432e-08
5.62856e-08
6.20223e-08
5.51615e-08
8.36784e-08
5.3394e-08
4.96264e-08
5.65918e-08
1.15862e-07
5.4801e-08
6.09215e-08
7.21933e-08
7.03057e-08
7.8089e-08
4.99791e-08
5.52894e-08
7.93991e-08
9.49192e-08
6.23983e-08
5.95881e-08
6.98793e-08
6.70497e-08
5.44406e-08
7.19879e-08
9.54813e-08
6.58132e-08
4.62076e-08
7.16507e-08
5.65918e-08
7.34647e-08
5.81268e-08
4.77775e-08
6.41891e-08
7.45694e-08
7.0201e-08
1.07373e-07
6.05378e-08
8.50079e-08
6.25921e-08
5.74097e-08
7.26856e-08
4.92543e-08
5.97509e-08
8.31977e-08
8.27597e-08
7.4647e-08
9.24036e-08
5.70182e-08
9.89e-08
4.64053e-08
5.68438e-08
7.36624e-08
5.67352e-08
6.7104e-08
7.0232e-08
1.0064e-07
8.44459e-08
5.95416e-08
8.55544e-08
7.36702e-08
5.35219e-08
7.0201e-08
5.57313e-08
6.73675e-08
4.87039e-08
4.95256e-08
8.27249e-08
6.54527e-08
8.65002e-08
1.07075e-07
6.61543e-08
5.25064e-08
5.33514e-08
7.36275e-08
6.35069e-08
8.61126e-08
6.71117e-08
6.93483e-08
5.85764e-08
8.52444e-08
7.0891e-08
4.92426e-08
7.03018e-08
9.17408e-08
8.74499e-08
8.65584e-08
6.39449e-08
9.85977e-08
6.48635e-08
5.36615e-08
8.40427e-08
5.47468e-08
1.21727e-07
8.66165e-08
6.01463e-08
6.291e-08
8.32326e-08
8.64305e-08
6.96428e-08
5.91191e-08
5.81927e-08
4.92155e-08
9.44735e-08
8.37482e-08
5.43785e-08
7.34919e-08
7.08328e-08
5.51654e-08
9.64503e-08
5.7305e-08
5.88284e-08
6.99917e-08
5.96617e-08
5.31731e-08
5.83322e-08
6.38868e-08
8.6632e-08
7.92518e-08
6.15688e-08
4.29788e-08
7.21003e-08
8.1155e-08
7.95387e-08
6.36697e-08
6.63907e-08
7.47128e-08
6.58132e-08
1.297e-07
7.33562e-08
5.09482e-08
9.55045e-08
5.04055e-08
5.74911e-08
6.59799e-08
6.36658e-08
6.86583e-08
6.89025e-08
7.75192e-08
9.74e-08
8.62987e-08
7.50772e-08
6.37472e-08
7.6744e-08
8.80662e-08
7.44958e-08
7.305e-08
5.14327e-08
9.81752e-08
5.96811e-08
6.26037e-08
7.74533e-08
7.97557e-08
8.11744e-08
7.48446e-08
9.37564e-08
7.06196e-08
7.19995e-08
5.1359e-08
5.91036e-08
7.98526e-08
5.61616e-08
7.90464e-08
6.53209e-08
6.94878e-08
5.23707e-08
4.87232e-08
7.84223e-08
8.92639e-08
8.84693e-08
8.82755e-08
8.00813e-08
6.74063e-08
5.17001e-08
9.38455e-08
9.74e-08
8.58762e-08
6.05145e-08
7.38833e-08
6.32394e-08
9.28843e-08
7.6054e-08
8.92717e-08
9.39386e-08
7.0294e-08
8.69537e-08
6.06579e-08
8.82445e-08
1.06241e-07
5.78671e-08
7.73409e-08
7.49338e-08
7.24957e-08
4.84674e-08
5.34444e-08
4.51688e-08
5.71112e-08
6.68791e-08
6.08246e-08
6.42201e-08
8.87019e-08
7.88797e-08
7.31275e-08
6.09835e-08
6.11037e-08
6.23944e-08
9.47874e-08
1.04486e-07
1.06559e-07
9.38688e-08
6.65729e-08
6.43441e-08
8.2345e-08
5.6053e-08
4.80488e-08
5.91346e-08
6.83249e-08
7.01622e-08
7.01467e-08
4.70642e-08
5.72585e-08
1.10296e-07
6.36774e-08
6.96273e-08
6.5038e-08
5.10373e-08
4.60293e-08
7.22903e-08
8.41513e-08
6.19138e-08
8.61708e-08
5.79214e-08
6.26115e-08
6.65652e-08
7.29104e-08
9.0074e-08
4.71263e-08
8.75507e-08
9.15237e-08
6.33286e-08
7.41353e-08
7.74184e-08
1.05482e-07
6.79683e-08
1.1932e-07
6.64411e-08
6.33635e-08
5.80997e-08
9.58456e-08
8.89655e-08
8.13876e-08
6.15262e-08
6.92165e-08
4.86341e-08
4.84442e-08
7.02553e-08
5.89524e-08
5.82314e-08
7.52012e-08
4.84248e-08
4.94481e-08
