4.35486e-08
4.59867e-08
9.37641e-08
5.14831e-08
3.87073e-08
3.92732e-08
4.79131e-08
6.07161e-08
4.14671e-08
4.29594e-08
4.8041e-08
4.58084e-08
4.41455e-08
6.57008e-08
5.32196e-08
6.10688e-08
7.49105e-08
4.39091e-08
3.87305e-08
3.95135e-08
5.0952e-08
4.63355e-08
5.4208e-08
5.96462e-08
7.09065e-08
5.14869e-08
6.61272e-08
6.63985e-08
6.82939e-08
5.40917e-08
5.45801e-08
6.28286e-08
5.26537e-08
4.05911e-08
5.40142e-08
5.32816e-08
6.42395e-08
4.5382e-08
4.48045e-08
4.49362e-08
4.61611e-08
4.49944e-08
4.9293e-08
3.98469e-08
4.81341e-08
6.54372e-08
4.22539e-08
4.7196e-08
5.12893e-08
9.81481e-08
5.82896e-08
5.94951e-08
5.82431e-08
5.3739e-08
5.8995e-08
6.90382e-08
5.56189e-08
5.03435e-08
4.64983e-08
4.31803e-08
6.03517e-08
5.63941e-08
5.5115e-08
4.80953e-08
3.26915e-08
5.96966e-08
3.66219e-08
4.38625e-08
5.65376e-08
5.53708e-08
4.79906e-08
6.07122e-08
4.37618e-08
4.97272e-08
4.98202e-08
4.62464e-08
4.39594e-08
7.48136e-08
4.78705e-08
5.15916e-08
5.04714e-08
6.80924e-08
5.39018e-08
4.46068e-08
5.62469e-08
5.30529e-08
4.53742e-08
6.81815e-08
6.27045e-08
5.07543e-08
4.51494e-08
5.50995e-08
4.82116e-08
6.48442e-08
5.04249e-08
6.99219e-08
6.02122e-08
4.98977e-08
5.33746e-08
6.08517e-08
6.74761e-08
5.61306e-08
6.08207e-08
4.07229e-08
4.76379e-08
5.61538e-08
4.80953e-08
5.70957e-08
4.28354e-08
4.11841e-08
6.98173e-08
6.62861e-08
5.7057e-08
6.15959e-08
5.14676e-08
6.54643e-08
5.44328e-08
5.57817e-08
5.36343e-08
4.21105e-08
7.55578e-08
5.17311e-08
6.01967e-08
3.23155e-08
6.94529e-08
6.47976e-08
7.47012e-08
5.39716e-08
3.80677e-08
5.69678e-08
4.54401e-08
6.21464e-08
5.58205e-08
3.69591e-08
5.13435e-08
5.06652e-08
6.80614e-08
6.40961e-08
6.0406e-08
4.51572e-08
4.87426e-08
7.43562e-08
4.02151e-08
5.03745e-08
5.53786e-08
6.01928e-08
4.582e-08
6.43131e-08
5.22428e-08
6.46852e-08
3.63854e-08
5.77159e-08
5.208e-08
6.26696e-08
4.77038e-08
5.34211e-08
4.7227e-08
5.95842e-08
4.76999e-08
3.96065e-08
6.2627e-08
5.21188e-08
5.27932e-08
5.5084e-08
3.3583e-08
5.17428e-08
5.23358e-08
7.47671e-08
6.58675e-08
5.81035e-08
4.66379e-08
3.99631e-08
5.00721e-08
4.06841e-08
4.5727e-08
6.11734e-08
4.94907e-08
3.41024e-08
4.77697e-08
5.62624e-08
5.10877e-08
5.02001e-08
5.28901e-08
6.78831e-08
6.21076e-08
5.81849e-08
3.24783e-08
5.77663e-08
5.31227e-08
4.32346e-08
4.2095e-08
5.95183e-08
4.83976e-08
7.46973e-08
3.43931e-08
3.31992e-08
6.59179e-08
6.39914e-08
5.86927e-08
5.89175e-08
6.31813e-08
4.64596e-08
5.34793e-08
5.24521e-08
5.03163e-08
4.67968e-08
5.66849e-08
4.84752e-08
6.47201e-08
4.65526e-08
5.17815e-08
4.89519e-08
6.33557e-08
4.79674e-08
4.29594e-08
4.89519e-08
6.41852e-08
6.291e-08
5.38243e-08
5.80028e-08
5.02272e-08
4.52696e-08
5.64252e-08
5.07505e-08
6.26774e-08
4.93783e-08
4.70177e-08
3.52691e-08
4.313e-08
8.51397e-08
5.24366e-08
4.64324e-08
6.84955e-08
5.15063e-08
4.78782e-08
6.53364e-08
5.9937e-08
5.05683e-08
4.05523e-08
6.18169e-08
4.4975e-08
5.31304e-08
3.80871e-08
5.95842e-08
5.83632e-08
7.72207e-08
5.94408e-08
6.98754e-08
5.44096e-08
7.37709e-08
4.46417e-08
6.75846e-08
5.98129e-08
3.99127e-08
5.36925e-08
4.13004e-08
3.73816e-08
4.52463e-08
3.04278e-08
5.97276e-08
4.60138e-08
4.73937e-08
6.57667e-08
7.36895e-08
5.38979e-08
4.75178e-08
5.2925e-08
3.97616e-08
5.13241e-08
5.40413e-08
3.53854e-08
6.21076e-08
4.5099e-08
5.63786e-08
5.92237e-08
8.37714e-08
5.52817e-08
7.62556e-08
4.46959e-08
6.58171e-08
4.65022e-08
4.30486e-08
5.85183e-08
7.60501e-08
4.54208e-08
4.15524e-08
5.86307e-08
5.43979e-08
5.13396e-08
3.8401e-08
4.11647e-08
4.86651e-08
5.55608e-08
6.12626e-08
5.99253e-08
7.74455e-08
6.67667e-08
3.98391e-08
4.81806e-08
5.4115e-08
4.60681e-08
5.94059e-08
5.27893e-08
5.62662e-08
5.98556e-08
5.14133e-08
4.94791e-08
4.2064e-08
4.30757e-08
4.45835e-08
4.25059e-08
4.86767e-08
7.02165e-08
5.61034e-08
4.75875e-08
4.97776e-08
3.71878e-08
5.35607e-08
4.21997e-08
4.20369e-08
4.66069e-08
4.69092e-08
3.9843e-08
4.50099e-08
6.34759e-08
6.68365e-08
4.25524e-08
5.42119e-08
8.65196e-08
6.50263e-08
4.77775e-08
4.35602e-08
4.40215e-08
5.23707e-08
5.79214e-08
5.13086e-08
4.33276e-08
4.40912e-08
5.6022e-08
5.03629e-08
5.51073e-08
4.52851e-08
4.99442e-08
4.81224e-08
3.81917e-08
6.07471e-08
4.09981e-08
4.31261e-08
4.64402e-08
3.77499e-08
5.00993e-08
4.99869e-08
6.56271e-08
4.94132e-08
5.26614e-08
6.08323e-08
3.9246e-08
5.66151e-08
5.00838e-08
6.45767e-08
6.85498e-08
5.8778e-08
4.56068e-08
5.07737e-08
4.64828e-08
3.49203e-08
6.08866e-08
6.21425e-08
4.48045e-08
2.75517e-08
5.27971e-08
3.91957e-08
5.58554e-08
4.90488e-08
3.84398e-08
5.96424e-08
4.82387e-08
8.97484e-08
4.32966e-08
4.16105e-08
4.08508e-08
5.54445e-08
5.58786e-08
4.47928e-08
4.38974e-08
4.20485e-08
6.23906e-08
5.75066e-08
7.83138e-08
5.75376e-08
5.60841e-08
5.23397e-08
6.1751e-08
4.39943e-08
5.72236e-08
2.82533e-08
4.8917e-08
6.11812e-08
5.08202e-08
4.64092e-08
6.32898e-08
5.38863e-08
4.29904e-08
7.15422e-08
4.78511e-08
5.67469e-08
5.33863e-08
5.18009e-08
7.39919e-08
7.76975e-08
4.97931e-08
3.80561e-08
4.81496e-08
5.0421e-08
6.08634e-08
5.45026e-08
4.76302e-08
8.00968e-08
5.70337e-08
4.27191e-08
6.32588e-08
5.82625e-08
5.27312e-08
4.72348e-08
5.2642e-08
6.32898e-08
6.00261e-08
6.02122e-08
6.25068e-08
4.50138e-08
4.90643e-08
4.75371e-08
6.70032e-08
4.87077e-08
5.62972e-08
3.83817e-08
6.34991e-08
3.91879e-08
6.1092e-08
4.95837e-08
5.64368e-08
4.66611e-08
4.21532e-08
5.3363e-08
5.33049e-08
5.79756e-08
4.71534e-08
5.18474e-08
5.1173e-08
5.56422e-08
6.44798e-08
5.23862e-08
3.83933e-08
4.72154e-08
5.5084e-08
4.04128e-08
6.46581e-08
6.03439e-08
6.6414e-08
5.19908e-08
6.86738e-08
6.69567e-08
5.72818e-08
5.19792e-08
4.86651e-08
4.52153e-08
6.01811e-08
3.34202e-08
6.7104e-08
5.80686e-08
4.15485e-08
4.79906e-08
8.80894e-08
5.18978e-08
6.18324e-08
4.45564e-08
5.06342e-08
4.96768e-08
4.85759e-08
4.65293e-08
5.46925e-08
4.97e-08
5.75415e-08
3.69281e-08
4.32811e-08
6.68675e-08
4.20408e-08
5.43204e-08
4.3785e-08
4.63627e-08
5.35297e-08
7.44764e-08
4.13741e-08
3.71103e-08
4.88589e-08
5.35762e-08
5.03163e-08
6.4034e-08
6.49876e-08
4.80565e-08
5.56848e-08
5.67701e-08
4.68433e-08
6.03711e-08
5.5898e-08
7.08832e-08
5.0452e-08
4.00096e-08
5.15645e-08
4.63394e-08
6.39953e-08
4.95566e-08
7.12747e-08
3.9874e-08
4.86845e-08
5.16536e-08
5.13823e-08
8.69072e-08
4.90062e-08
6.48597e-08
4.41804e-08
6.09215e-08
5.82469e-08
7.64881e-08
5.17234e-08
4.33819e-08
4.99287e-08
6.24991e-08
4.49789e-08
5.22815e-08
4.66185e-08
5.85648e-08
5.09288e-08
5.00218e-08
5.34095e-08
4.53704e-08
3.91181e-08
3.96841e-08
4.87969e-08
5.60065e-08
4.7855e-08
3.68855e-08
4.1312e-08
5.64097e-08
3.9936e-08
6.71427e-08
6.39449e-08
5.72391e-08
5.31808e-08
4.26532e-08
6.61504e-08
5.43243e-08
5.02039e-08
4.45409e-08
5.42119e-08
5.23319e-08
5.4146e-08
6.54566e-08
3.99166e-08
5.23785e-08
4.43044e-08
4.43936e-08
6.10184e-08
5.65725e-08
8.67754e-08
3.95833e-08
4.78279e-08
6.03207e-08
5.78438e-08
4.86961e-08
5.01458e-08
3.54668e-08
4.8293e-08
6.28169e-08
5.60996e-08
5.31769e-08
6.23402e-08
5.08474e-08
6.05416e-08
4.60293e-08
5.52507e-08
6.23208e-08
6.23518e-08
6.12316e-08
6.25844e-08
5.11652e-08
4.76961e-08
6.02897e-08
5.17311e-08
5.62585e-08
5.88051e-08
3.74436e-08
6.34991e-08
5.32583e-08
5.72275e-08
4.75837e-08
6.65187e-08
4.62037e-08
6.87823e-08
4.62464e-08
5.14055e-08
4.67542e-08
4.6258e-08
4.67038e-08
4.31881e-08
5.52235e-08
6.09758e-08
4.58898e-08
5.56499e-08
5.6336e-08
6.75187e-08
4.51068e-08
4.94481e-08
5.54677e-08
5.81423e-08
7.21468e-08
4.2533e-08
4.12423e-08
5.83477e-08
4.0626e-08
4.97e-08
5.71074e-08
6.02936e-08
6.75962e-08
4.57425e-08
5.3863e-08
5.91966e-08
4.42269e-08
5.12311e-08
6.3627e-08
6.86467e-08
5.54174e-08
4.18469e-08
4.13082e-08
5.84059e-08
4.52153e-08
6.4786e-08
5.02931e-08
6.60341e-08
4.9231e-08
4.89054e-08
6.56116e-08
6.14021e-08
4.15446e-08
4.04011e-08
4.63045e-08
5.15528e-08
6.18014e-08
5.45065e-08
4.84713e-08
3.98856e-08
6.45534e-08
4.83201e-08
3.57614e-08
6.43674e-08
5.04171e-08
3.78041e-08
5.48088e-08
6.47511e-08
4.79635e-08
5.3425e-08
4.80139e-08
4.48703e-08
5.22505e-08
5.09714e-08
5.20218e-08
4.96884e-08
4.22229e-08
3.31062e-08
7.18833e-08
6.87746e-08
5.63941e-08
6.10029e-08
4.99093e-08
5.00644e-08
6.09448e-08
6.63055e-08
6.06695e-08
4.53432e-08
3.43078e-08
5.0328e-08
4.49207e-08
5.10102e-08
5.60763e-08
5.24947e-08
4.43548e-08
5.34173e-08
6.57938e-08
4.83938e-08
4.34749e-08
6.18944e-08
5.9092e-08
4.30602e-08
5.5991e-08
4.83007e-08
3.27341e-08
4.46998e-08
5.12311e-08
5.17932e-08
5.84485e-08
5.78748e-08
5.96462e-08
4.96225e-08
6.45651e-08
5.84214e-08
4.60603e-08
6.49062e-08
5.39328e-08
4.83589e-08
3.83662e-08
5.68477e-08
6.28518e-08
4.8824e-08
4.86729e-08
5.33746e-08
4.00019e-08
4.89248e-08
3.54242e-08
5.26265e-08
5.03318e-08
4.98279e-08
5.27699e-08
4.86884e-08
3.59087e-08
4.00988e-08
4.69712e-08
4.65565e-08
5.73361e-08
5.46421e-08
6.67163e-08
6.9356e-08
6.14331e-08
5.44677e-08
5.14133e-08
7.64804e-08
5.44328e-08
6.34294e-08
4.78899e-08
5.07737e-08
6.21502e-08
5.60879e-08
4.8448e-08
5.86191e-08
4.87077e-08
3.88119e-08
4.98745e-08
5.65414e-08
5.2142e-08
6.25456e-08
5.45724e-08
5.09016e-08
4.45719e-08
5.5053e-08
4.72929e-08
5.1421e-08
3.72615e-08
4.73007e-08
5.17273e-08
5.43398e-08
4.33586e-08
5.68477e-08
5.52546e-08
5.14133e-08
5.39018e-08
6.78521e-08
5.01303e-08
5.26071e-08
3.57963e-08
5.1266e-08
6.59411e-08
5.83283e-08
4.84364e-08
6.0592e-08
5.68825e-08
5.54522e-08
6.69722e-08
5.54561e-08
6.39682e-08
4.93822e-08
6.77978e-08
4.68201e-08
3.99283e-08
7.58873e-08
5.04598e-08
5.68322e-08
5.09637e-08
5.17273e-08
6.21309e-08
4.01027e-08
5.60337e-08
4.05756e-08
5.57972e-08
6.62124e-08
4.96031e-08
4.53704e-08
4.79209e-08
5.80842e-08
6.08595e-08
5.9937e-08
6.2565e-08
5.68166e-08
4.52076e-08
5.56538e-08
3.71956e-08
5.44212e-08
5.58476e-08
5.15451e-08
4.04825e-08
7.28988e-08
3.99864e-08
4.82387e-08
6.95343e-08
4.75061e-08
5.35219e-08
5.4301e-08
5.55298e-08
6.49488e-08
4.39091e-08
6.86467e-08
5.0328e-08
3.92305e-08
4.36571e-08
4.4475e-08
4.14167e-08
5.984e-08
5.12815e-08
5.29715e-08
4.39866e-08
7.08677e-08
4.78705e-08
5.63554e-08
5.71229e-08
4.38277e-08
5.27234e-08
3.7746e-08
3.67072e-08
5.60957e-08
5.57701e-08
6.50767e-08
4.92659e-08
4.2909e-08
4.35214e-08
4.20911e-08
4.56998e-08
6.64954e-08
6.28479e-08
4.34633e-08
5.38979e-08
5.33475e-08
4.28392e-08
6.60729e-08
4.31765e-08
6.81389e-08
6.59954e-08
5.68244e-08
5.81733e-08
6.99994e-08
8.88492e-08
6.84141e-08
4.87581e-08
4.7793e-08
3.68661e-08
5.79058e-08
4.5037e-08
4.78279e-08
4.9669e-08
5.47739e-08
5.93517e-08
5.47933e-08
5.22971e-08
5.82004e-08
5.14521e-08
5.42313e-08
5.93361e-08
6.8449e-08
7.6461e-08
5.47778e-08
6.76699e-08
5.28165e-08
6.07858e-08
4.68549e-08
4.15989e-08
4.93744e-08
4.66379e-08
3.86569e-08
6.80963e-08
5.76888e-08
5.49135e-08
5.52507e-08
8.59963e-08
5.36498e-08
3.92732e-08
4.56146e-08
4.36649e-08
3.75677e-08
3.34008e-08
5.42584e-08
4.80837e-08
7.85464e-08
4.59247e-08
5.4053e-08
4.9107e-08
4.77542e-08
5.48708e-08
7.01119e-08
4.56766e-08
4.3223e-08
4.16531e-08
4.97504e-08
6.61621e-08
3.59629e-08
4.55797e-08
4.87077e-08
4.37424e-08
4.79015e-08
4.61146e-08
4.08353e-08
5.80299e-08
4.40874e-08
5.10063e-08
6.46387e-08
6.84761e-08
5.69639e-08
4.37811e-08
4.95876e-08
6.57783e-08
4.31222e-08
6.44488e-08
3.86995e-08
5.58399e-08
3.98507e-08
6.59605e-08
4.61107e-08
4.88201e-08
4.05484e-08
4.75798e-08
4.33548e-08
5.5022e-08
5.80764e-08
5.11768e-08
4.19477e-08
5.42933e-08
5.00295e-08
5.74833e-08
4.91147e-08
4.78434e-08
5.95765e-08
5.51422e-08
5.20722e-08
6.16851e-08
6.82242e-08
7.03289e-08
7.19181e-08
5.17738e-08
5.42778e-08
5.10838e-08
3.97887e-08
6.67745e-08
5.66035e-08
5.09133e-08
5.59988e-08
4.28392e-08
4.60022e-08
6.70071e-08
6.78017e-08
6.32239e-08
4.26493e-08
3.96065e-08
6.22781e-08
4.77038e-08
5.30374e-08
4.00445e-08
5.86656e-08
5.97005e-08
6.98754e-08
5.94486e-08
5.0169e-08
4.29478e-08
4.3347e-08
6.22084e-08
5.7088e-08
7.13522e-08
4.66534e-08
4.67813e-08
5.38281e-08
5.10683e-08
5.10528e-08
4.57347e-08
6.09215e-08
4.08043e-08
6.5069e-08
5.24017e-08
3.77925e-08
4.87659e-08
6.41116e-08
4.6258e-08
4.52308e-08
4.7917e-08
6.06463e-08
4.37385e-08
