4.61495e-08
4.65216e-08
5.73128e-08
5.79911e-08
5.8026e-08
6.68985e-08
6.07897e-08
5.24521e-08
6.47046e-08
6.57589e-08
4.43897e-08
7.12437e-08
5.46499e-08
5.44948e-08
5.61461e-08
4.74015e-08
8.39226e-08
6.82939e-08
7.11623e-08
5.35568e-08
5.84369e-08
6.00532e-08
6.6759e-08
6.73947e-08
7.26895e-08
5.78477e-08
5.67973e-08
6.51853e-08
6.38325e-08
4.77891e-08
7.06468e-08
9.38843e-08
6.24022e-08
8.72057e-08
4.87116e-08
6.85846e-08
5.17079e-08
6.45031e-08
3.93042e-08
5.51809e-08
6.01036e-08
5.91966e-08
4.92078e-08
4.7196e-08
4.59828e-08
6.83056e-08
6.4286e-08
5.3363e-08
6.59217e-08
5.20529e-08
6.99646e-08
6.54411e-08
5.72857e-08
9.12408e-08
4.6696e-08
6.0061e-08
6.003e-08
7.11584e-08
8.52405e-08
6.61776e-08
4.14632e-08
5.19404e-08
7.63021e-08
5.6619e-08
5.18435e-08
6.31231e-08
6.11618e-08
5.48204e-08
7.36585e-08
4.5037e-08
3.48272e-08
6.85614e-08
5.83439e-08
5.02504e-08
3.27574e-08
7.71006e-08
6.81699e-08
5.25994e-08
5.34134e-08
7.69881e-08
4.6382e-08
5.34715e-08
4.11066e-08
4.85915e-08
6.09137e-08
6.19138e-08
6.37705e-08
7.90115e-08
8.58607e-08
4.03159e-08
6.47744e-08
5.98052e-08
5.1328e-08
5.10296e-08
5.953e-08
5.19482e-08
4.49789e-08
7.96666e-08
5.65143e-08
6.16037e-08
6.40263e-08
6.11967e-08
4.751e-08
6.57938e-08
5.4332e-08
4.92737e-08
4.91419e-08
5.41111e-08
4.53239e-08
5.89253e-08
8.05465e-08
8.27365e-08
4.79403e-08
5.09482e-08
5.22854e-08
4.61844e-08
4.20989e-08
5.51654e-08
5.11226e-08
6.96157e-08
4.73278e-08
3.86646e-08
6.20572e-08
6.56388e-08
5.784e-08
5.32893e-08
6.45922e-08
6.82707e-08
6.03788e-08
6.53326e-08
5.55685e-08
8.2438e-08
8.35388e-08
7.47012e-08
6.0123e-08
5.30839e-08
7.03173e-08
4.96419e-08
4.58936e-08
5.34638e-08
3.88856e-08
5.16459e-08
3.88274e-08
5.87547e-08
4.44478e-08
5.7274e-08
5.63554e-08
4.91186e-08
6.1782e-08
5.29986e-08
4.26416e-08
5.14404e-08
3.60056e-08
4.92349e-08
7.01351e-08
6.74024e-08
6.0999e-08
5.73128e-08
5.00101e-08
6.18983e-08
4.98086e-08
6.36581e-08
3.83235e-08
5.46111e-08
7.67207e-08
5.0735e-08
5.27932e-08
6.27006e-08
4.15213e-08
6.02819e-08
4.53665e-08
4.31532e-08
5.32118e-08
4.18353e-08
5.16963e-08
5.2518e-08
5.60143e-08
7.74339e-08
5.26769e-08
7.3988e-08
6.8542e-08
4.69712e-08
5.97974e-08
6.15068e-08
4.01337e-08
4.48548e-08
6.52434e-08
5.10373e-08
5.42506e-08
5.50104e-08
5.32041e-08
5.7557e-08
5.70376e-08
6.20301e-08
5.99486e-08
4.98008e-08
4.36765e-08
6.42123e-08
6.36348e-08
4.61921e-08
8.06938e-08
6.81893e-08
7.09724e-08
5.70608e-08
8.50622e-08
7.66432e-08
5.29327e-08
4.075e-08
5.60259e-08
5.75996e-08
4.10833e-08
5.74989e-08
4.65216e-08
6.7383e-08
5.86191e-08
7.59106e-08
7.13522e-08
5.43941e-08
7.05305e-08
6.5662e-08
4.94054e-08
5.87896e-08
9.64581e-08
4.79248e-08
5.6805e-08
7.00731e-08
5.89524e-08
5.45065e-08
4.50486e-08
4.30369e-08
5.04985e-08
6.53829e-08
7.00847e-08
5.51111e-08
6.25727e-08
5.26227e-08
6.37937e-08
4.38044e-08
5.34987e-08
6.48984e-08
5.29366e-08
5.79369e-08
4.83434e-08
5.64639e-08
6.87978e-08
4.72736e-08
4.45137e-08
5.834e-08
7.16817e-08
6.99142e-08
4.46843e-08
5.45956e-08
4.06647e-08
6.13517e-08
4.08895e-08
7.97325e-08
3.92887e-08
5.80764e-08
5.86966e-08
4.68394e-08
6.58713e-08
5.00915e-08
5.37971e-08
4.99907e-08
7.34027e-08
7.25461e-08
6.75846e-08
7.81239e-08
5.29405e-08
5.23242e-08
7.03328e-08
3.79437e-08
6.27937e-08
5.33552e-08
7.27244e-08
5.79175e-08
5.7119e-08
4.26958e-08
6.19409e-08
5.86656e-08
4.64906e-08
5.0766e-08
6.40534e-08
7.65501e-08
5.74446e-08
6.20727e-08
6.23828e-08
4.68007e-08
5.06148e-08
3.99438e-08
3.95794e-08
5.05644e-08
5.64445e-08
5.95222e-08
4.71728e-08
6.98328e-08
4.13469e-08
4.40641e-08
4.71301e-08
4.28121e-08
5.24792e-08
6.50806e-08
5.30955e-08
6.43209e-08
6.47473e-08
6.95266e-08
4.29982e-08
5.11458e-08
7.00576e-08
7.07514e-08
6.90963e-08
4.83783e-08
7.51431e-08
7.88913e-08
5.9247e-08
5.3049e-08
7.55695e-08
5.6243e-08
5.24792e-08
6.27976e-08
5.82896e-08
7.21081e-08
7.97867e-08
5.73709e-08
4.95023e-08
9.02562e-08
5.96656e-08
9.40548e-08
8.43994e-08
7.49803e-08
4.54944e-08
5.62469e-08
5.67818e-08
6.62124e-08
3.59087e-08
5.58166e-08
5.98168e-08
5.90222e-08
6.61698e-08
6.25068e-08
6.12393e-08
4.60526e-08
6.17859e-08
4.28547e-08
6.29448e-08
6.04912e-08
5.02117e-08
4.59092e-08
6.22433e-08
3.92926e-08
4.48626e-08
5.01225e-08
4.56339e-08
5.57352e-08
5.60414e-08
6.70071e-08
5.78206e-08
6.74489e-08
5.61034e-08
4.5037e-08
4.41998e-08
7.58873e-08
7.66664e-08
4.87077e-08
6.6507e-08
5.29676e-08
6.08595e-08
6.38402e-08
5.49677e-08
6.89451e-08
4.89287e-08
6.37123e-08
5.48204e-08
6.98909e-08
4.9107e-08
7.17398e-08
5.99176e-08
3.58815e-08
8.55196e-08
6.15843e-08
7.42245e-08
6.6445e-08
6.02819e-08
6.15107e-08
9.38107e-08
6.53674e-08
5.88904e-08
6.64528e-08
6.23944e-08
5.25141e-08
5.90416e-08
6.48752e-08
6.56465e-08
7.95658e-08
8.71282e-08
6.04447e-08
3.73235e-08
5.37622e-08
5.37351e-08
5.98245e-08
9.04927e-08
4.72232e-08
5.68903e-08
6.10184e-08
5.20335e-08
4.03546e-08
5.66073e-08
6.75497e-08
7.81781e-08
6.68365e-08
7.26817e-08
5.60375e-08
5.23823e-08
7.24143e-08
4.36881e-08
8.0403e-08
4.04166e-08
4.46029e-08
4.68433e-08
4.92582e-08
5.63127e-08
6.34061e-08
6.10145e-08
4.77232e-08
5.79214e-08
6.09448e-08
5.48863e-08
4.11376e-08
3.07069e-08
6.46891e-08
6.67086e-08
4.47114e-08
6.58054e-08
4.32036e-08
4.6696e-08
4.64247e-08
5.56267e-08
5.83206e-08
6.87823e-08
5.71771e-08
6.47434e-08
5.42235e-08
6.98483e-08
1.02257e-07
6.35263e-08
5.68903e-08
5.23242e-08
6.19758e-08
5.73554e-08
4.27346e-08
5.08939e-08
5.95765e-08
6.27743e-08
5.1111e-08
5.39018e-08
7.06468e-08
5.70182e-08
6.47589e-08
5.50801e-08
5.2456e-08
3.93546e-08
5.79756e-08
6.19177e-08
6.95459e-08
5.45297e-08
5.15335e-08
5.18823e-08
5.62585e-08
3.71374e-08
5.97897e-08
6.21115e-08
5.91578e-08
6.3755e-08
4.76806e-08
3.78157e-08
5.78128e-08
5.89059e-08
5.33204e-08
5.03551e-08
5.84795e-08
7.22864e-08
5.59755e-08
5.71422e-08
4.2064e-08
5.06885e-08
5.57119e-08
6.93909e-08
5.27273e-08
6.65225e-08
4.68045e-08
6.00145e-08
5.68283e-08
6.25068e-08
5.92858e-08
5.91927e-08
5.33204e-08
6.35573e-08
4.64131e-08
4.58549e-08
6.3627e-08
4.08469e-08
4.59518e-08
7.23135e-08
7.56741e-08
6.46542e-08
5.08047e-08
6.56233e-08
4.51804e-08
9.01593e-08
6.3534e-08
7.97596e-08
5.88904e-08
4.74441e-08
3.90949e-08
5.34444e-08
5.79369e-08
8.00232e-08
4.60875e-08
7.32942e-08
6.52008e-08
6.62551e-08
5.7712e-08
7.46663e-08
5.67508e-08
4.30641e-08
6.5724e-08
6.19797e-08
4.79713e-08
8.08178e-08
6.51736e-08
4.70139e-08
5.1328e-08
6.19487e-08
5.40219e-08
5.4301e-08
6.55535e-08
7.96666e-08
5.02776e-08
6.0999e-08
4.48548e-08
3.99515e-08
8.12946e-08
6.66156e-08
4.72736e-08
6.32356e-08
3.98158e-08
4.64828e-08
6.33829e-08
5.58244e-08
3.91298e-08
5.47739e-08
7.33872e-08
4.67193e-08
5.10373e-08
5.21846e-08
6.44527e-08
5.76229e-08
6.2879e-08
4.55913e-08
4.44323e-08
8.00271e-08
7.21236e-08
5.29986e-08
6.71117e-08
5.05218e-08
4.70875e-08
7.05809e-08
6.09796e-08
5.49328e-08
6.48093e-08
4.60448e-08
5.66383e-08
5.1328e-08
7.28058e-08
5.01652e-08
4.84674e-08
4.98279e-08
6.68016e-08
5.37894e-08
5.55569e-08
5.1421e-08
5.7743e-08
5.79136e-08
4.84364e-08
6.10223e-08
6.52395e-08
5.62352e-08
1.00788e-07
6.58985e-08
5.79601e-08
7.47167e-08
4.15834e-08
5.61267e-08
5.37932e-08
5.23629e-08
6.97204e-08
5.82159e-08
5.57003e-08
8.12209e-08
4.96768e-08
5.74485e-08
7.05886e-08
3.8184e-08
5.94912e-08
6.09525e-08
3.82886e-08
2.73346e-08
5.65182e-08
6.96894e-08
5.92974e-08
4.29788e-08
5.21188e-08
5.67895e-08
8.92523e-08
5.21459e-08
5.1704e-08
5.87819e-08
3.29551e-08
7.24414e-08
5.41188e-08
4.3223e-08
4.4944e-08
4.71883e-08
5.21459e-08
6.07083e-08
6.58442e-08
7.99844e-08
8.51126e-08
5.44328e-08
5.91772e-08
7.54416e-08
5.56771e-08
6.13983e-08
4.9952e-08
7.05925e-08
7.117e-08
4.04399e-08
5.3018e-08
4.7227e-08
7.42748e-08
5.32196e-08
5.80764e-08
7.2829e-08
6.55186e-08
5.81074e-08
5.74562e-08
5.88516e-08
7.81161e-08
5.25413e-08
5.21924e-08
6.11657e-08
5.04869e-08
3.93546e-08
7.69378e-08
4.52812e-08
4.73705e-08
6.25689e-08
5.85338e-08
5.39095e-08
6.57202e-08
6.81311e-08
5.3739e-08
5.22002e-08
8.09728e-08
4.00096e-08
4.81845e-08
9.92295e-08
9.61131e-08
6.37782e-08
6.64915e-08
6.33402e-08
5.65957e-08
7.4771e-08
5.17621e-08
6.96041e-08
7.19569e-08
5.79369e-08
5.2018e-08
5.69368e-08
5.36382e-08
5.41731e-08
7.42865e-08
4.71689e-08
9.01283e-08
6.55651e-08
6.52783e-08
4.71495e-08
7.16468e-08
4.69053e-08
6.30146e-08
4.12384e-08
4.37114e-08
6.01385e-08
6.23053e-08
5.14637e-08
5.65725e-08
6.73947e-08
6.96932e-08
5.89602e-08
5.64988e-08
6.56892e-08
5.72159e-08
5.91385e-08
6.48132e-08
6.20378e-08
4.72193e-08
4.86031e-08
7.01196e-08
5.29444e-08
4.40796e-08
5.26227e-08
5.38126e-08
5.76888e-08
5.13862e-08
3.94747e-08
5.99176e-08
6.53248e-08
7.19026e-08
3.59281e-08
7.2643e-08
4.96845e-08
5.07001e-08
5.45181e-08
5.81113e-08
6.82823e-08
5.22699e-08
5.35607e-08
6.19138e-08
3.56684e-08
4.63665e-08
8.41668e-08
5.39948e-08
4.61146e-08
4.21066e-08
4.91341e-08
7.0608e-08
3.74902e-08
6.24952e-08
7.75657e-08
7.64571e-08
6.47162e-08
5.81811e-08
6.69954e-08
4.56805e-08
6.71117e-08
6.26231e-08
5.22777e-08
6.66582e-08
5.35025e-08
6.28014e-08
6.71001e-08
7.66354e-08
4.71301e-08
5.10993e-08
6.57512e-08
4.28547e-08
5.63089e-08
7.23639e-08
5.31149e-08
4.59169e-08
7.34686e-08
4.93047e-08
5.49135e-08
5.42157e-08
8.71437e-08
5.06652e-08
7.23445e-08
8.90042e-08
6.00339e-08
5.15877e-08
5.75647e-08
5.87819e-08
5.62856e-08
4.51959e-08
6.28014e-08
6.77862e-08
3.91995e-08
6.341e-08
8.17519e-08
6.79955e-08
5.62158e-08
4.13818e-08
6.85265e-08
5.11303e-08
4.86845e-08
5.94059e-08
5.9309e-08
8.33334e-08
4.38432e-08
7.1515e-08
7.71432e-08
5.13978e-08
4.81883e-08
5.87896e-08
5.2266e-08
5.24715e-08
9.27098e-08
5.0983e-08
6.21541e-08
4.86341e-08
5.38049e-08
6.05571e-08
5.38436e-08
5.72895e-08
6.13285e-08
5.7588e-08
5.5177e-08
6.61039e-08
6.96002e-08
5.26188e-08
4.60836e-08
5.85958e-08
6.04525e-08
5.90881e-08
4.94752e-08
4.13314e-08
7.9748e-08
6.56582e-08
3.79824e-08
4.99481e-08
5.82121e-08
4.12423e-08
5.20412e-08
6.37201e-08
6.00532e-08
5.08202e-08
7.21546e-08
5.82547e-08
4.4006e-08
7.84417e-08
6.26037e-08
5.63283e-08
5.98323e-08
7.76277e-08
5.99253e-08
7.03328e-08
5.55065e-08
5.78981e-08
4.76573e-08
7.18678e-08
5.59368e-08
6.92281e-08
4.96768e-08
4.9607e-08
8.03139e-08
5.63825e-08
5.17544e-08
5.88516e-08
5.59561e-08
6.26813e-08
6.25185e-08
4.54556e-08
6.28712e-08
3.57498e-08
4.51533e-08
7.71626e-08
4.15407e-08
5.42661e-08
5.7464e-08
7.76587e-08
5.85377e-08
7.76122e-08
6.21464e-08
5.45413e-08
5.57662e-08
5.21188e-08
4.97659e-08
5.60996e-08
4.7448e-08
5.59833e-08
5.06148e-08
4.42618e-08
7.78525e-08
8.29768e-08
6.64721e-08
7.24414e-08
5.97625e-08
6.31503e-08
5.06846e-08
5.66655e-08
5.7464e-08
5.77159e-08
4.69635e-08
5.62275e-08
5.87508e-08
4.04864e-08
5.03706e-08
4.69673e-08
5.94486e-08
7.20616e-08
4.36649e-08
5.37041e-08
5.73516e-08
6.77241e-08
6.72396e-08
7.17437e-08
5.815e-08
6.65962e-08
5.23474e-08
6.63093e-08
5.52778e-08
7.14104e-08
4.69596e-08
6.6038e-08
6.12045e-08
4.37191e-08
6.10339e-08
7.78293e-08
5.19366e-08
6.76931e-08
6.55845e-08
5.89253e-08
4.62735e-08
5.6836e-08
5.12893e-08
8.13992e-08
7.33601e-08
6.06657e-08
5.46576e-08
5.90261e-08
4.48161e-08
4.46029e-08
6.46387e-08
4.75449e-08
7.19724e-08
6.06695e-08
6.84374e-08
6.04525e-08
6.52705e-08
4.90372e-08
5.71384e-08
7.08018e-08
6.16463e-08
6.37472e-08
3.49551e-08
7.37671e-08
5.48359e-08
5.7743e-08
5.13358e-08
6.55225e-08
6.55031e-08
5.09559e-08
6.28286e-08
5.36343e-08
5.51538e-08
4.64983e-08
5.34832e-08
6.00339e-08
4.35369e-08
5.92703e-08
7.63525e-08
5.87276e-08
6.1937e-08
7.78293e-08
6.98909e-08
4.60099e-08
6.80497e-08
6.81195e-08
6.20262e-08
4.69751e-08
7.71044e-08
4.40796e-08
5.75144e-08
4.65952e-08
3.99748e-08
5.93749e-08
6.46697e-08
6.55651e-08
6.32472e-08
5.87005e-08
6.72668e-08
5.77818e-08
4.67619e-08
5.07892e-08
5.58399e-08
5.29754e-08
6.35805e-08
4.59053e-08
7.34531e-08
4.20989e-08
4.9859e-08
4.89674e-08
6.36503e-08
6.32239e-08
4.60409e-08
6.23285e-08
4.25136e-08
5.65298e-08
5.27777e-08
4.36377e-08
5.65802e-08
4.11686e-08
5.59251e-08
4.66728e-08
5.52468e-08
5.09404e-08
6.47976e-08
7.40268e-08
5.15257e-08
6.76195e-08
