1.43716e-07
1.47736e-07
1.37227e-07
1.31212e-07
1.09501e-07
1.55511e-07
1.07668e-07
9.15431e-08
1.39894e-07
1.22587e-07
1.2737e-07
1.13405e-07
1.04803e-07
1.24502e-07
1.02222e-07
7.90115e-08
1.60542e-07
1.2518e-07
8.53219e-08
1.17161e-07
1.17571e-07
1.15424e-07
1.57403e-07
1.02404e-07
8.83569e-08
1.03303e-07
9.95163e-08
1.26382e-07
2.48012e-07
1.05036e-07
1.64233e-07
1.27285e-07
8.05813e-08
1.58725e-07
1.2946e-07
1.02954e-07
1.10726e-07
1.1237e-07
6.68094e-08
1.14552e-07
7.09452e-08
9.75977e-08
1.27967e-07
1.73749e-07
1.04257e-07
1.213e-07
1.04051e-07
1.31343e-07
1.87319e-07
1.74202e-07
1.01218e-07
1.28867e-07
2.69637e-07
1.05187e-07
1.11606e-07
1.06931e-07
7.6337e-08
1.28432e-07
1.13312e-07
1.3046e-07
1.17916e-07
7.27283e-08
6.27045e-08
2.08952e-07
1.18335e-07
2.04971e-07
1.26161e-07
9.92179e-08
1.21145e-07
8.26628e-08
1.36786e-07
1.26095e-07
2.18382e-07
1.43115e-07
1.81191e-07
1.23463e-07
9.75977e-08
1.56856e-07
1.30603e-07
8.75778e-08
7.99689e-08
6.76505e-08
8.40272e-08
1.65686e-07
6.38441e-08
1.48883e-07
1.01633e-07
1.0054e-07
1.41073e-07
1.73857e-07
1.56162e-07
1.23413e-07
1.38786e-07
1.59907e-07
9.11555e-08
1.01819e-07
1.54476e-07
2.05033e-07
5.90416e-08
8.35776e-08
1.04815e-07
1.63484e-07
8.22907e-08
1.00288e-07
7.8713e-08
1.5153e-07
8.8791e-08
1.43534e-07
9.67488e-08
1.1111e-07
1.50639e-07
9.16788e-08
1.6676e-07
1.25494e-07
1.92218e-07
1.12091e-07
1.25301e-07
1.17998e-07
8.30194e-08
1.23386e-07
1.34871e-07
1.48577e-07
1.46821e-07
8.28683e-08
9.56945e-08
1.10199e-07
1.09017e-07
1.21207e-07
2.34953e-07
1.10575e-07
1.42573e-07
8.54498e-08
1.15587e-07
7.03599e-08
1.89881e-07
1.05253e-07
1.03799e-07
8.55079e-08
1.29293e-07
1.11102e-07
9.03337e-08
9.96675e-08
1.32716e-07
5.71849e-08
1.0216e-07
1.0854e-07
8.99616e-08
1.40057e-07
1.22828e-07
9.1264e-08
9.57875e-08
1.63457e-07
1.04334e-07
1.24006e-07
1.16068e-07
1.15951e-07
1.22866e-07
2.03564e-07
4.93085e-08
1.25987e-07
1.19816e-07
1.33204e-07
1.0311e-07
1.25514e-07
1.33805e-07
1.3851e-07
1.80702e-07
1.14428e-07
9.82799e-08
1.1016e-07
1.10753e-07
1.2187e-07
1.58856e-07
1.73725e-07
9.04268e-08
1.06583e-07
1.89311e-07
2.16816e-07
1.64593e-07
7.05576e-08
1.38662e-07
1.40247e-07
9.88109e-08
1.19145e-07
1.37495e-07
1.1187e-07
1.89579e-07
1.6112e-07
1.46972e-07
1.28359e-07
1.20843e-07
9.76093e-08
1.07114e-07
8.44808e-08
1.30266e-07
9.6679e-08
1.31464e-07
1.03389e-07
9.40859e-08
1.1161e-07
1.64395e-07
1.84346e-07
1.28413e-07
1.35712e-07
1.32615e-07
1.33006e-07
1.0954e-07
1.41968e-07
1.58039e-07
1.03927e-07
1.26277e-07
8.06782e-08
2.246e-07
1.08311e-07
1.40856e-07
1.68058e-07
7.28911e-08
1.09711e-07
9.18454e-08
1.17192e-07
1.84691e-07
1.25758e-07
1.35425e-07
1.38119e-07
1.30661e-07
1.50988e-07
1.15835e-07
1.11083e-07
8.2252e-08
1.43658e-07
1.36444e-07
1.24766e-07
1.56693e-07
1.17568e-07
2.08804e-07
1.17436e-07
1.06222e-07
7.98216e-08
1.38433e-07
1.29839e-07
1.06757e-07
8.89887e-08
1.92738e-07
1.26153e-07
1.31041e-07
1.24897e-07
7.88487e-08
1.84927e-07
1.31568e-07
1.15567e-07
1.13831e-07
1.73876e-07
1.55535e-07
2.1515e-07
2.117e-07
1.2506e-07
1.36309e-07
1.40921e-07
1.28553e-07
9.05973e-08
9.14191e-08
1.40313e-07
9.38068e-08
3.05278e-07
6.43635e-08
1.1223e-07
1.21103e-07
1.16052e-07
1.17494e-07
1.84222e-07
1.16075e-07
1.20587e-07
1.96765e-07
1.43379e-07
1.30436e-07
1.11982e-07
8.34458e-08
1.20463e-07
9.77411e-08
1.09199e-07
1.54089e-07
1.31898e-07
1.40131e-07
1.01947e-07
1.2175e-07
8.14263e-08
1.5936e-07
1.4703e-07
1.24909e-07
8.87561e-08
1.02009e-07
7.89999e-08
1.19145e-07
1.28336e-07
1.4048e-07
1.26882e-07
1.17172e-07
7.04103e-08
2.00831e-07
7.51392e-08
1.32297e-07
1.5786e-07
1.54593e-07
1.28336e-07
1.2946e-07
1.09129e-07
1.18246e-07
1.44317e-07
9.671e-08
1.49747e-07
4.88589e-08
1.82621e-07
2.7666e-07
1.61356e-07
1.46464e-07
1.02726e-07
8.64576e-08
1.66884e-07
9.81791e-08
2.11289e-07
9.77953e-08
6.51698e-08
1.01947e-07
1.39844e-07
9.42332e-08
1.22533e-07
1.48127e-07
1.10125e-07
9.85822e-08
1.02567e-07
1.17405e-07
1.77268e-07
1.24215e-07
1.26169e-07
1.23742e-07
1.07897e-07
9.64581e-08
7.53136e-08
1.01168e-07
1.05552e-07
8.30543e-08
1.43662e-07
1.03307e-07
1.36146e-07
7.78331e-08
1.5938e-07
1.04652e-07
1.60442e-07
1.37146e-07
9.44929e-08
1.46387e-07
1.48941e-07
6.72319e-08
9.5082e-08
1.39355e-07
9.86248e-08
1.4891e-07
1.24665e-07
1.13877e-07
1.6681e-07
1.63671e-07
1.43487e-07
9.66402e-08
1.59899e-07
1.04195e-07
1.22855e-07
6.89916e-08
1.17102e-07
7.12553e-08
1.06187e-07
1.37282e-07
9.80085e-08
1.48379e-07
1.24727e-07
1.34739e-07
1.49964e-07
5.13551e-08
1.15261e-07
1.53562e-07
1.51468e-07
8.32985e-08
6.85459e-08
7.71006e-08
1.38979e-07
1.24428e-07
1.07242e-07
7.85735e-08
1.43755e-07
1.69403e-07
1.05602e-07
2.15789e-07
1.09226e-07
8.92794e-08
1.23642e-07
1.29057e-07
1.23952e-07
1.22052e-07
1.12118e-07
9.55704e-08
1.21242e-07
1.0735e-07
1.18804e-07
1.51224e-07
2.84091e-07
9.88652e-08
1.00838e-07
1.34049e-07
6.23479e-08
1.35677e-07
8.91089e-08
1.00954e-07
1.74985e-07
1.12168e-07
7.63602e-08
9.36905e-08
1.12563e-07
1.38065e-07
9.70472e-08
1.10761e-07
8.28295e-08
7.2329e-08
1.49278e-07
1.45984e-07
9.81907e-08
1.92362e-07
1.00326e-07
1.1173e-07
1.68264e-07
1.26708e-07
1.11734e-07
1.28867e-07
9.19617e-08
7.474e-08
1.82319e-07
1.33909e-07
9.18106e-08
1.28475e-07
1.33181e-07
1.37274e-07
7.97286e-08
7.78874e-08
1.09482e-07
1.25801e-07
1.01346e-07
1.16703e-07
8.27132e-08
7.65695e-08
1.22587e-07
1.25196e-07
8.8105e-08
1.20013e-07
1.36541e-07
8.28683e-08
1.63264e-07
1.28068e-07
7.76471e-08
5.78942e-08
1.1606e-07
8.57831e-08
1.11005e-07
9.55433e-08
1.43034e-07
1.09133e-07
8.66785e-08
1.44736e-07
1.02877e-07
1.29712e-07
1.58007e-07
1.29301e-07
1.40309e-07
1.26084e-07
9.79736e-08
6.69877e-08
6.84529e-08
1.16164e-07
1.75202e-07
1.67682e-07
1.68167e-07
1.37351e-07
1.24393e-07
9.77023e-08
2.12153e-07
1.92951e-07
6.91893e-08
1.66198e-07
9.78767e-08
1.35906e-07
1.91098e-07
9.94621e-08
1.2544e-07
1.79799e-07
1.31409e-07
1.9566e-07
1.3044e-07
1.29913e-07
1.67384e-07
1.07676e-07
1.69962e-07
1.37351e-07
1.34867e-07
1.208e-07
1.45914e-07
1.63973e-07
1.75745e-07
1.45526e-07
9.82217e-08
1.46158e-07
1.05145e-07
9.56712e-08
1.14556e-07
9.11942e-08
1.18444e-07
1.32154e-07
1.38906e-07
1.23297e-07
1.19742e-07
1.35995e-07
1.26998e-07
1.30103e-07
1.25049e-07
9.53185e-08
9.25858e-08
5.37661e-08
1.09218e-07
1.23859e-07
1.2746e-07
6.9856e-08
1.58104e-07
1.2775e-07
1.67446e-07
1.57852e-07
1.89645e-07
9.99078e-08
1.43507e-07
1.06249e-07
8.96748e-08
1.67512e-07
2.10006e-07
1.60081e-07
7.20034e-08
8.29032e-08
1.75985e-07
1.30444e-07
1.13571e-07
1.03896e-07
1.44976e-07
1.41421e-07
1.00144e-07
7.9872e-08
1.15184e-07
1.13157e-07
1.38793e-07
1.14467e-07
1.00753e-07
1.24525e-07
1.58186e-07
1.08699e-07
1.57531e-07
1.57155e-07
1.01621e-07
1.4096e-07
1.17246e-07
1.54686e-07
1.54573e-07
1.53263e-07
1.05218e-07
2.29088e-07
1.0366e-07
1.24138e-07
9.48611e-08
1.17261e-07
7.10886e-08
1.14854e-07
8.84577e-08
1.38646e-07
1.49945e-07
9.3361e-08
1.5281e-07
1.18777e-07
1.41197e-07
9.89659e-08
1.27587e-07
6.58791e-08
1.32549e-07
1.27932e-07
1.26518e-07
6.56039e-08
1.07842e-07
1.19917e-07
1.16362e-07
1.05327e-07
8.25698e-08
1.76729e-07
1.1787e-07
1.38193e-07
1.41945e-07
1.14808e-07
1.21913e-07
8.7384e-08
8.56862e-08
8.9043e-08
1.13517e-07
1.92141e-07
8.77483e-08
7.38136e-08
1.00889e-07
9.31633e-08
1.07114e-07
1.51965e-07
1.57538e-07
1.26126e-07
1.10277e-07
8.81282e-08
1.94451e-07
1.07098e-07
8.61785e-08
2.60539e-07
9.32331e-08
1.18157e-07
1.04404e-07
1.09904e-07
9.81132e-08
1.10463e-07
9.14656e-08
1.38836e-07
1.41507e-07
1.64663e-07
1.4622e-07
9.4927e-08
1.84858e-07
6.69179e-08
1.46042e-07
1.4253e-07
9.17951e-08
1.11618e-07
6.1875e-08
1.12986e-07
1.71679e-07
1.41987e-07
1.59531e-07
1.69845e-07
1.57248e-07
9.64193e-08
1.35495e-07
7.71316e-08
2.17026e-07
1.18905e-07
1.31781e-07
9.6524e-08
1.31692e-07
1.35867e-07
1.08346e-07
1.47046e-07
1.12707e-07
1.99843e-07
1.64539e-07
9.06438e-08
7.58524e-08
1.73625e-07
9.92683e-08
2.07917e-07
9.88962e-08
1.34313e-07
1.63015e-07
1.43317e-07
1.42704e-07
1.49631e-07
1.6281e-07
1.08742e-07
9.4206e-08
1.70613e-07
1.28917e-07
1.71582e-07
1.72148e-07
9.68534e-08
7.58524e-08
8.16628e-08
1.69725e-07
1.68039e-07
1.18982e-07
9.24269e-08
1.59236e-07
1.18292e-07
1.12277e-07
7.50462e-08
1.08455e-07
2.13797e-07
1.213e-07
1.49282e-07
7.37438e-08
1.32378e-07
1.05055e-07
2.02258e-07
1.17354e-07
1.52852e-07
1.02303e-07
9.85589e-08
1.43301e-07
1.04032e-07
1.65578e-07
8.25659e-08
2.12122e-07
9.50045e-08
1.68e-07
1.69892e-07
1.24614e-07
1.36693e-07
1.41673e-07
2.43597e-07
1.70531e-07
1.69365e-07
1.11199e-07
7.50307e-08
1.45383e-07
1.91986e-07
1.15777e-07
1.03745e-07
1.60236e-07
2.21514e-07
1.17901e-07
1.46406e-07
9.49541e-08
8.0717e-08
1.34328e-07
8.95934e-08
1.6155e-07
1.31157e-07
1.41728e-07
2.67079e-07
9.86132e-08
1.98757e-07
1.1297e-07
1.04017e-07
1.06862e-07
1.94509e-07
1.3584e-07
1.01947e-07
1.41402e-07
1.25448e-07
1.26378e-07
1.262e-07
1.59496e-07
1.20351e-07
1.28491e-07
1.73012e-07
9.55433e-08
1.37119e-07
9.20819e-08
1.72043e-07
1.23064e-07
1.01939e-07
1.31293e-07
1.00544e-07
1.18405e-07
8.23566e-08
1.22928e-07
1.52503e-07
1.55302e-07
1.6157e-07
1.3084e-07
1.54472e-07
2.02754e-07
1.59209e-07
1.48751e-07
1.09187e-07
9.5082e-08
1.47755e-07
2.21274e-07
1.00993e-07
1.8697e-07
1.47619e-07
1.95742e-07
1.62101e-07
8.54227e-08
1.94001e-07
1.24572e-07
1.50631e-07
1.24386e-07
1.66655e-07
1.53015e-07
9.97993e-08
1.06288e-07
1.39371e-07
1.05877e-07
1.29355e-07
1.91567e-07
7.19608e-08
1.34309e-07
1.10691e-07
7.81161e-08
1.24762e-07
1.20723e-07
1.32378e-07
1.40526e-07
8.57715e-08
1.18498e-07
1.50895e-07
1.47557e-07
1.05614e-07
2.20057e-07
1.45557e-07
8.54033e-08
1.72508e-07
1.11362e-07
8.17171e-08
9.83109e-08
1.57302e-07
1.37693e-07
1.88207e-07
7.31818e-08
1.35735e-07
1.20002e-07
9.671e-08
9.73224e-08
1.41305e-07
1.3175e-07
8.09341e-08
1.40022e-07
8.39924e-08
1.04478e-07
1.06753e-07
9.02989e-08
1.56612e-07
9.45316e-08
9.88652e-08
8.80236e-08
1.18924e-07
8.71359e-08
2.05471e-07
1.00369e-07
8.89073e-08
1.23987e-07
1.55128e-07
1.08451e-07
1.50732e-07
8.30582e-08
9.31943e-08
1.11711e-07
9.81171e-08
8.01976e-08
1.28983e-07
1.40681e-07
8.30311e-08
9.89466e-08
1.61969e-07
1.15366e-07
9.70472e-08
6.86622e-08
9.51479e-08
1.25339e-07
7.99495e-08
9.19152e-08
1.43736e-07
1.4189e-07
1.06792e-07
8.66591e-08
1.33875e-07
8.07519e-08
1.18637e-07
8.03643e-08
1.06571e-07
7.83991e-08
1.00233e-07
1.10532e-07
1.3258e-07
7.23716e-08
6.57008e-08
1.52736e-07
9.33261e-08
1.12277e-07
8.23295e-08
8.75429e-08
8.21434e-08
1.7507e-07
1.65706e-07
7.24375e-08
1.26762e-07
1.43584e-07
1.8571e-07
1.2006e-07
1.11885e-07
8.63452e-08
1.68148e-07
1.52209e-07
1.17978e-07
8.58103e-08
1.28417e-07
1.38309e-07
2.00184e-07
1.91598e-07
1.16494e-07
1.9585e-07
7.84223e-08
1.23014e-07
8.43606e-08
1.18932e-07
1.3608e-07
9.32331e-08
1.25595e-07
1.24657e-07
1.27401e-07
1.36394e-07
1.17009e-07
1.87645e-07
1.91071e-07
1.49651e-07
1.61632e-07
1.49247e-07
1.18529e-07
1.903e-07
1.17645e-07
9.83845e-08
9.20121e-08
1.18188e-07
1.11296e-07
9.47332e-08
1.45898e-07
9.46867e-08
1.62787e-07
1.0047e-07
8.72522e-08
1.17975e-07
1.87819e-07
1.615e-07
1.37026e-07
1.04788e-07
1.02672e-07
1.10711e-07
1.00625e-07
1.20463e-07
2.38193e-07
1.31626e-07
1.31196e-07
9.73883e-08
1.87738e-07
1.51445e-07
1.04831e-07
1.0685e-07
9.28881e-08
8.07364e-08
1.58655e-07
9.47215e-08
1.77939e-07
1.36375e-07
1.5686e-07
1.25025e-07
8.61475e-08
1.99141e-07
1.73485e-07
1.64961e-07
1.06245e-07
9.47913e-08
9.06671e-08
1.21366e-07
1.12184e-07
1.60612e-07
1.3196e-07
1.07017e-07
1.25967e-07
1.68775e-07
1.37948e-07
1.95761e-07
1.64686e-07
1.36018e-07
1.17444e-07
8.93608e-08
1.25246e-07
1.42255e-07
9.70356e-08
9.8714e-08
1.10873e-07
1.23118e-07
1.20583e-07
1.57038e-07
1.60147e-07
1.38491e-07
7.56664e-08
1.45697e-07
9.97954e-08
1.19312e-07
1.42142e-07
1.91021e-07
1.2777e-07
9.46324e-08
1.90804e-07
1.55949e-07
1.01912e-07
1.0278e-07
8.27597e-08
1.26428e-07
1.53918e-07
1.18064e-07
1.8411e-07
1.62736e-07
1.21246e-07
1.61539e-07
1.26587e-07
1.32072e-07
1.87648e-07
1.26037e-07
