6.79319e-07
5.7921e-07
3.40536e-07
2.71924e-07
5.60344e-07
2.55415e-07
3.08836e-07
3.55765e-07
4.51386e-07
5.03807e-07
4.74085e-07
1.0936e-06
1.98018e-06
6.5393e-07
3.61037e-07
9.40831e-07
4.66321e-07
4.71639e-07
1.68103e-06
4.54072e-07
2.4645e-07
4.60902e-07
3.66626e-07
7.2155e-07
1.04851e-06
4.19167e-07
2.16766e-07
1.19e-06
4.59177e-07
5.73574e-07
6.51992e-07
5.75365e-07
7.15247e-07
4.02426e-07
1.67066e-07
1.02215e-06
2.90186e-06
6.73125e-07
7.05658e-07
2.22623e-07
3.68649e-07
1.91779e-06
3.30969e-07
4.79701e-07
6.89149e-07
4.08903e-07
7.10716e-07
6.91265e-07
9.26176e-07
4.42788e-07
4.27125e-07
2.53276e-07
3.23779e-07
4.27272e-07
8.62665e-07
4.80089e-07
9.1578e-07
5.03807e-07
9.05795e-07
1.07259e-06
1.81467e-06
2.25307e-06
4.00856e-07
1.47101e-06
1.00445e-06
3.71456e-07
1.72396e-07
1.97118e-07
2.9732e-07
1.13543e-06
4.16132e-07
4.82817e-07
1.92793e-06
2.92867e-07
2.83758e-07
5.72504e-07
3.1143e-07
3.07863e-07
7.03483e-07
3.70459e-07
7.39601e-07
7.18321e-07
1.12061e-06
8.69673e-07
7.77967e-07
1.48604e-06
1.4911e-06
3.14604e-07
2.89018e-07
7.62625e-07
2.41185e-06
1.08732e-06
5.01776e-07
1.92191e-07
9.67061e-07
2.64067e-07
3.12441e-07
7.67277e-07
3.16701e-07
2.09715e-07
2.24197e-07
3.19011e-07
2.63199e-06
1.42309e-06
5.70275e-07
4.1483e-07
7.93561e-07
2.38364e-07
1.81237e-06
3.0753e-07
5.39405e-07
2.6683e-07
7.44927e-07
1.60262e-06
4.96031e-07
6.70489e-07
1.85695e-07
6.28076e-07
7.35081e-07
1.20975e-07
1.58217e-06
6.87738e-07
4.99365e-07
5.27292e-07
7.71242e-07
4.08616e-07
4.38916e-07
6.47895e-07
2.20038e-07
2.8613e-07
1.9768e-07
5.66035e-07
3.9455e-07
7.44497e-07
4.1488e-07
2.10975e-07
4.54669e-07
2.10932e-07
1.14826e-06
2.40686e-07
1.64714e-06
3.30919e-07
8.91407e-07
2.41942e-07
1.98552e-07
5.87702e-07
9.26238e-07
2.27298e-07
3.42551e-07
1.27261e-06
2.06316e-07
3.97403e-07
1.06204e-06
8.2719e-07
1.16404e-06
8.0648e-07
8.32563e-07
1.87001e-07
3.40268e-07
7.54125e-07
4.50642e-07
2.66113e-07
4.97593e-07
3.41078e-07
7.02192e-07
1.88833e-06
5.33169e-07
3.33624e-07
4.05093e-07
8.90938e-07
2.44004e-07
4.82302e-07
1.42042e-07
4.48289e-07
8.39346e-07
6.78222e-07
7.34888e-07
2.47523e-07
2.28883e-07
2.78889e-07
7.53133e-07
1.01702e-06
3.92286e-07
4.49502e-07
6.17684e-07
1.11803e-06
3.07073e-07
3.23969e-07
3.98748e-07
1.26228e-06
2.0206e-07
2.04486e-07
5.13144e-07
6.55636e-07
5.86295e-07
2.07563e-06
2.66625e-07
1.22911e-06
2.08901e-07
8.88689e-07
1.00362e-06
1.09781e-06
2.30535e-06
3.76491e-07
4.15733e-07
2.8825e-07
1.59027e-06
2.14208e-07
1.37032e-06
6.26429e-07
7.43717e-07
8.51963e-07
1.04433e-06
8.31462e-07
4.99508e-07
8.79232e-07
5.40165e-07
3.5861e-07
1.21107e-06
4.3668e-07
1.38824e-07
1.92965e-06
7.72192e-07
1.00375e-06
2.71556e-07
4.26536e-07
1.26501e-06
2.43512e-07
1.49127e-07
3.59191e-07
5.11346e-07
2.10619e-07
5.10737e-07
6.37798e-07
6.4224e-07
3.4678e-07
1.12416e-06
4.0162e-07
2.70625e-07
5.26157e-07
2.05238e-07
7.22879e-07
2.8868e-07
2.44771e-07
1.32587e-06
3.96631e-07
5.54906e-07
7.42419e-07
3.09949e-07
6.0456e-07
5.08233e-07
7.10363e-07
7.62664e-07
1.29613e-06
9.11981e-07
7.64804e-07
4.46106e-07
7.99631e-07
8.44152e-07
3.0122e-07
1.40746e-06
3.61703e-07
4.85973e-07
5.98234e-07
8.07934e-07
9.6429e-07
3.53296e-07
6.61648e-07
6.69249e-07
9.35668e-07
5.3632e-07
4.62619e-07
2.00459e-07
5.18738e-07
8.15853e-07
6.48732e-07
8.11178e-07
4.57336e-07
4.13438e-07
1.25366e-07
6.86881e-07
3.28349e-07
4.03616e-07
4.18249e-07
2.0987e-07
1.02603e-06
1.37898e-06
7.80646e-07
7.95569e-07
2.32034e-07
2.57035e-07
1.23286e-06
7.71758e-07
5.34657e-07
2.54307e-07
4.49618e-07
2.71369e-07
7.34434e-07
3.5273e-07
5.70209e-07
2.3931e-07
5.97869e-07
1.90416e-07
8.02926e-07
5.38607e-07
3.17848e-07
2.81265e-07
1.70424e-06
3.36113e-07
1.47505e-06
7.40562e-07
5.29339e-07
1.75241e-07
4.96055e-07
3.48489e-07
1.12839e-06
2.60819e-07
3.3876e-07
5.12424e-07
1.004e-06
6.4024e-07
3.22461e-07
1.00352e-06
5.02214e-07
6.15673e-07
8.77619e-07
1.33844e-07
1.78105e-07
2.05348e-06
8.25624e-07
8.53909e-07
4.90043e-07
4.17376e-07
3.64176e-07
9.10442e-07
5.31572e-07
1.02502e-06
4.93702e-07
2.22084e-07
5.67194e-07
8.46455e-07
3.46288e-07
1.00255e-06
6.98452e-07
6.21933e-07
2.23343e-06
3.91108e-07
4.90047e-07
4.03329e-07
3.86557e-07
1.56618e-06
1.32224e-06
7.03735e-07
7.15871e-07
1.09719e-06
3.34179e-07
2.08669e-07
6.99347e-07
3.74557e-07
3.70835e-07
1.60632e-06
9.86907e-07
3.98872e-07
5.12536e-07
3.62374e-07
2.69548e-07
4.14524e-07
8.76914e-07
1.11662e-06
1.98738e-07
2.89235e-07
2.8306e-07
8.1943e-07
1.13899e-06
2.11982e-06
6.33732e-07
2.79087e-07
4.56529e-07
2.67412e-07
7.50912e-07
3.16887e-07
1.39842e-06
1.2222e-06
3.09491e-07
4.65836e-07
2.42488e-07
2.08355e-07
7.16646e-07
1.12182e-06
2.11541e-07
3.94538e-07
1.62531e-06
5.49611e-07
2.51091e-06
1.97587e-07
2.87618e-07
1.57938e-06
6.98735e-07
4.94481e-07
6.65454e-07
3.01394e-07
6.30231e-07
6.24049e-07
2.25197e-07
1.9887e-07
3.00797e-07
5.21281e-07
6.66803e-07
1.05404e-07
2.03812e-07
1.53627e-06
6.16161e-07
1.10166e-06
6.34604e-07
6.27917e-07
1.79737e-07
3.03173e-07
3.01208e-07
1.50223e-06
1.49498e-06
3.86863e-07
6.05812e-07
8.96159e-07
4.10097e-07
3.47582e-07
6.60892e-07
1.20387e-06
5.34335e-07
1.43329e-06
9.95493e-07
2.60993e-07
9.60084e-07
5.22172e-07
1.88257e-07
6.35383e-07
4.89562e-07
2.56706e-07
5.31967e-07
2.87921e-07
5.00756e-07
3.06891e-07
6.01691e-07
5.69546e-07
3.95523e-07
1.26575e-06
2.92657e-07
7.6247e-07
7.61672e-07
3.66374e-07
1.73132e-07
1.49032e-06
8.32152e-07
5.37421e-07
2.09285e-07
5.69794e-07
6.5169e-07
1.65835e-06
4.87248e-07
3.36826e-07
2.06519e-06
5.04194e-07
2.16568e-07
6.60066e-07
3.30489e-07
6.3227e-07
7.22092e-07
4.51436e-07
3.20798e-07
7.39554e-07
5.43782e-07
3.30477e-07
4.82942e-07
3.93813e-07
6.43856e-07
4.29648e-07
4.90116e-07
6.73206e-07
2.97309e-07
3.67812e-07
7.93561e-07
3.20973e-07
2.70916e-07
3.74727e-07
8.18283e-07
3.5149e-07
3.83933e-07
3.50319e-07
2.37236e-06
7.1591e-07
6.35926e-07
3.85724e-07
3.85437e-07
1.05226e-06
6.37073e-07
8.04139e-07
2.90649e-07
2.61521e-06
2.053e-07
1.44631e-06
6.23929e-07
2.4814e-07
4.61111e-07
2.59892e-07
2.48477e-07
2.29697e-07
1.01189e-06
9.12811e-07
3.46617e-07
1.49804e-06
5.14838e-07
5.55678e-07
5.87195e-07
2.04606e-06
1.33094e-06
3.9891e-07
1.01528e-07
4.91264e-07
2.27782e-07
1.20441e-06
2.97347e-07
1.38295e-06
8.16725e-07
5.40138e-07
1.91637e-07
1.17804e-07
4.46064e-07
4.07787e-07
6.17832e-07
3.64587e-07
7.81696e-07
2.19364e-06
4.67813e-07
7.30007e-07
2.32599e-06
3.22477e-07
4.86918e-07
3.94728e-07
7.41295e-07
3.70405e-07
3.50563e-07
1.1323e-06
4.47874e-07
3.81483e-07
2.72928e-07
5.65845e-07
4.63572e-07
4.93485e-07
1.27122e-06
4.2402e-07
3.69506e-07
1.60171e-06
2.49136e-07
4.08248e-07
6.15715e-07
4.47211e-07
1.20769e-06
1.18951e-06
1.02024e-06
4.92771e-07
3.19728e-07
3.20911e-07
2.18367e-07
1.82559e-06
8.99861e-07
4.41564e-07
3.83615e-07
5.97141e-07
2.17549e-07
6.34298e-07
2.14584e-07
1.1644e-06
5.1542e-07
3.87464e-07
4.15303e-07
2.30449e-07
1.97529e-07
6.20619e-07
6.24289e-07
4.32846e-07
5.70089e-07
3.48989e-07
1.54534e-06
1.2181e-06
1.1256e-06
4.67212e-07
5.21529e-07
6.69489e-07
1.6338e-06
6.9987e-07
3.74936e-07
2.38597e-06
3.84631e-07
6.54965e-07
5.88133e-07
2.22809e-07
5.37975e-07
4.59076e-07
3.26451e-06
4.02294e-07
1.95575e-07
1.1876e-06
5.99017e-07
4.8131e-07
5.32459e-07
9.79667e-07
2.47345e-07
1.10349e-06
2.11719e-07
3.35128e-07
4.20873e-07
1.19525e-06
8.82185e-07
7.46349e-07
5.04028e-07
1.42662e-06
4.61088e-07
1.14987e-06
8.11868e-07
2.13498e-07
7.80735e-07
1.92083e-07
2.83878e-07
7.36861e-07
3.30795e-07
3.28558e-07
1.11254e-06
2.12766e-07
9.46692e-07
1.82431e-06
6.5893e-07
2.94146e-07
3.3633e-07
4.06333e-07
5.41561e-07
3.31109e-07
2.68269e-07
2.76988e-06
9.5758e-07
5.41766e-07
2.00965e-06
4.24412e-07
3.96616e-07
7.58536e-07
1.77297e-06
4.83391e-07
6.74811e-07
2.69365e-07
2.54031e-07
1.28777e-06
6.33394e-07
6.23123e-07
5.34967e-07
7.42679e-07
2.21565e-07
6.99715e-07
7.21817e-07
1.80605e-07
1.22929e-06
4.37009e-07
7.32868e-07
5.6931e-07
8.2557e-07
1.19332e-06
1.05184e-06
3.85216e-07
3.24081e-07
4.90054e-07
8.87837e-07
1.51994e-06
3.28818e-07
3.61517e-07
1.12478e-06
3.63858e-07
2.19921e-07
8.52513e-07
5.06764e-07
3.04181e-07
3.33791e-07
1.0738e-06
3.69145e-07
8.3514e-07
3.89162e-07
3.72956e-07
8.94682e-07
7.54439e-07
5.39188e-07
1.67223e-06
4.68208e-07
6.30173e-07
5.21657e-07
6.50674e-07
7.18286e-07
4.03601e-07
4.06077e-07
3.21639e-07
1.11637e-06
3.34396e-07
2.43415e-07
7.44117e-07
6.63927e-07
8.83887e-07
5.18075e-07
8.86782e-07
3.55904e-07
9.8481e-07
2.52791e-07
1.20746e-06
3.97069e-07
4.02694e-07
3.35838e-07
1.78675e-07
2.51392e-07
2.80211e-07
6.33321e-07
2.38209e-06
2.95444e-07
6.68826e-07
3.55292e-07
8.90972e-07
1.20837e-06
1.47114e-06
7.01343e-07
2.06142e-07
7.32128e-07
1.59688e-06
4.7079e-07
1.14531e-06
4.45203e-07
4.8417e-07
4.48351e-07
2.22136e-06
1.41536e-06
6.00808e-07
7.48353e-07
3.19721e-07
4.25392e-07
2.18348e-07
3.58637e-07
5.32901e-07
2.23053e-07
8.70642e-07
1.09757e-06
5.8835e-07
9.25385e-07
9.43285e-07
1.9518e-07
3.51726e-07
3.36268e-07
5.97656e-07
1.0676e-06
1.25288e-06
4.89884e-07
3.31996e-07
2.95475e-07
5.55898e-07
4.86608e-07
3.27047e-07
1.32784e-06
3.43625e-07
4.30458e-07
3.16391e-07
3.24651e-07
1.85619e-06
9.36149e-07
1.52206e-06
3.26469e-07
5.33545e-07
1.80048e-06
8.77274e-07
6.68784e-07
6.81928e-07
7.43059e-07
7.84812e-07
6.20859e-07
4.15175e-07
7.67579e-07
5.74597e-07
3.97802e-07
4.45114e-07
5.4227e-07
2.28205e-07
8.85309e-07
5.67907e-07
2.1056e-07
2.00711e-07
9.26319e-07
5.96296e-07
1.25519e-06
9.01706e-07
1.02312e-06
3.22035e-07
2.09874e-07
3.3845e-07
3.4621e-07
9.58224e-08
3.37559e-07
1.50225e-06
4.86767e-07
3.43636e-07
1.79773e-06
5.48708e-07
6.64508e-07
4.98873e-07
9.98974e-07
5.78752e-07
4.20772e-07
8.38706e-07
3.72808e-07
4.90702e-07
3.61827e-07
4.37459e-07
3.81088e-07
3.83479e-07
2.70346e-07
2.55938e-07
6.4738e-07
2.18061e-07
3.24585e-07
6.27576e-07
2.0756e-07
3.65223e-07
7.38264e-07
3.81386e-07
5.47479e-07
4.50517e-07
2.28608e-07
1.66729e-07
2.78412e-07
6.12959e-07
1.26112e-06
9.04291e-07
3.43861e-07
4.29268e-07
4.55731e-07
4.28129e-07
5.9773e-07
3.96143e-07
4.62503e-07
2.97522e-07
3.36764e-07
4.42409e-07
4.04732e-07
8.87538e-07
1.34531e-06
1.84986e-07
6.2551e-07
6.99851e-07
4.20601e-07
2.57388e-07
3.55362e-07
4.1959e-07
6.29499e-07
5.94955e-07
1.5256e-06
1.24961e-06
4.14888e-07
1.17829e-06
3.82495e-07
5.3751e-07
2.86355e-07
3.14375e-07
6.72671e-07
2.64854e-07
5.34545e-07
6.91548e-07
8.82352e-07
1.02755e-06
6.77676e-07
4.01224e-07
9.13621e-07
7.96507e-07
5.97792e-07
4.11361e-07
1.14038e-06
4.99388e-07
6.93804e-07
7.10948e-07
8.69576e-07
1.77262e-06
2.20948e-07
2.75959e-07
5.68752e-07
3.7827e-07
1.10486e-06
6.38887e-07
4.1057e-07
1.40427e-06
2.54776e-07
2.76583e-07
2.03455e-07
1.25557e-06
5.07028e-07
2.88235e-07
2.46481e-07
7.82087e-07
1.27072e-07
7.06847e-07
1.21096e-06
8.62642e-07
1.03177e-06
1.16169e-06
2.87401e-07
8.02375e-07
5.12896e-07
6.57927e-07
7.73816e-07
1.09439e-06
1.38678e-06
4.56704e-07
8.88678e-07
2.94564e-07
2.54873e-07
1.69117e-07
7.26031e-07
4.29834e-07
5.55259e-07
3.63362e-07
1.73431e-07
6.75203e-07
4.63518e-07
5.38014e-07
2.58892e-07
1.66481e-07
7.5823e-07
6.04389e-07
4.00162e-07
9.1609e-07
2.20627e-06
7.26259e-07
2.34046e-07
1.08254e-06
3.21442e-07
3.80975e-07
2.12762e-07
3.95313e-07
2.98944e-07
4.62479e-07
3.22302e-07
2.8699e-07
4.2402e-07
1.81958e-07
3.20918e-07
5.63934e-07
4.13806e-07
2.16212e-07
6.94983e-07
1.00804e-06
6.69036e-07
2.98072e-07
4.98454e-07
6.80486e-07
4.99388e-07
6.80556e-07
4.59634e-07
2.17937e-06
3.68847e-07
2.99045e-07
2.87583e-07
8.39443e-07
1.03766e-06
1.26281e-07
3.4752e-07
7.32325e-07
4.89984e-07
1.85098e-07
3.62761e-07
1.03399e-06
7.77463e-07
2.98448e-07
7.57133e-07
2.01188e-07
3.17019e-07
2.60547e-07
1.24995e-06
1.12853e-06
3.49307e-07
2.52438e-07
5.86489e-07
5.32204e-07
2.52279e-07
5.67182e-07
8.48517e-07
3.45129e-07
4.64774e-07
2.19357e-06
3.33931e-07
6.19243e-07
9.87679e-07
1.8566e-07
3.43109e-07
5.22544e-07
2.7642e-07
3.00755e-07
1.93499e-06
8.68801e-07
4.37149e-07
2.56365e-07
3.90464e-07
3.52652e-07
3.4297e-07
