4.31245e-07
5.40607e-07
3.349e-07
4.85434e-07
1.48305e-07
6.71625e-07
1.92963e-07
3.80103e-07
3.57122e-07
4.43986e-07
4.20218e-07
2.63536e-07
1.02214e-07
3.39586e-07
2.85963e-07
3.28302e-07
5.05772e-07
4.46564e-07
3.23035e-07
9.86512e-07
5.0904e-07
5.51131e-07
2.20588e-07
1.64341e-07
4.57809e-07
5.59965e-07
2.59528e-07
2.3798e-07
4.34668e-07
2.56535e-07
6.04474e-07
2.73738e-07
2.67924e-07
2.84327e-07
3.56218e-07
4.62417e-07
4.70871e-07
1.45379e-07
6.11285e-07
3.30671e-07
8.83019e-07
1.63403e-07
5.14993e-07
1.49173e-06
4.33563e-07
2.13247e-07
5.21323e-07
3.66688e-07
3.82235e-07
4.81364e-07
6.04331e-07
4.3756e-07
5.12373e-07
2.96026e-07
3.02619e-07
5.49042e-07
7.11034e-07
2.75125e-07
3.45117e-07
2.67206e-07
4.27954e-07
4.66135e-07
2.48806e-07
1.86253e-07
2.10657e-07
4.83771e-07
2.3053e-07
4.81127e-07
2.82998e-07
7.86894e-07
4.47075e-07
3.4697e-07
4.85573e-07
6.36588e-07
2.05486e-07
3.71975e-07
3.22581e-07
4.57041e-07
2.80882e-07
4.63379e-07
7.27155e-07
3.87941e-07
4.63251e-07
4.11078e-07
5.43894e-07
8.43346e-07
5.3349e-07
3.35621e-07
3.75142e-07
3.04503e-07
4.40114e-07
2.81998e-07
3.64134e-07
3.19961e-07
2.3329e-07
3.73417e-07
5.70388e-07
6.01808e-07
5.91493e-07
7.75638e-07
3.9174e-07
2.27046e-07
5.7564e-07
1.88738e-07
2.6859e-07
2.63633e-07
7.2681e-07
6.19033e-07
2.33999e-07
3.60354e-07
4.18287e-07
2.53566e-07
4.01155e-07
3.74239e-07
7.99003e-07
6.49705e-07
6.47042e-07
3.83096e-07
3.6944e-07
7.3564e-07
1.44567e-06
6.75695e-07
1.58674e-07
4.3278e-07
3.07999e-07
4.56262e-07
3.19806e-07
4.03256e-07
1.52081e-07
3.48075e-07
1.11337e-06
3.49024e-07
5.12617e-07
6.67625e-07
5.80644e-07
4.89333e-07
2.22677e-07
5.76733e-07
4.39067e-07
5.72143e-07
5.25726e-07
1.53689e-07
9.29788e-07
6.12262e-07
2.08239e-07
4.06771e-07
1.65826e-07
3.89891e-07
5.02458e-07
2.18057e-07
7.33802e-07
5.60042e-07
2.06622e-07
2.81699e-07
2.60404e-07
2.95305e-07
2.92964e-07
9.53975e-07
3.71409e-07
3.73692e-07
4.37556e-07
1.46205e-07
5.29858e-07
2.65683e-07
2.31224e-07
2.92603e-07
1.04322e-06
2.4738e-07
1.4327e-07
4.87399e-07
3.03631e-07
2.1865e-07
2.62133e-07
3.55881e-07
4.44901e-07
3.49152e-07
3.91135e-07
2.04948e-07
1.10799e-06
6.18514e-07
1.90703e-07
6.70288e-07
3.47299e-07
3.42768e-07
3.47195e-07
2.90409e-07
4.3799e-07
9.263e-07
1.3513e-07
8.25985e-07
2.19592e-07
4.04008e-07
1.37367e-07
4.78492e-07
3.04185e-07
2.22433e-07
4.64933e-07
2.26801e-07
5.29579e-07
7.93728e-07
5.22377e-07
2.16712e-07
3.00983e-07
1.73233e-07
4.79988e-07
2.23631e-07
3.61622e-07
7.88328e-07
5.03485e-07
7.55342e-07
3.69421e-07
3.53323e-07
4.18423e-07
3.54552e-07
3.11581e-07
1.51748e-07
3.59312e-07
6.68222e-07
3.24473e-07
4.34637e-07
1.90156e-07
2.82184e-07
2.361e-07
6.52965e-07
3.86313e-07
3.89441e-07
8.41567e-07
6.59345e-07
4.84007e-07
6.18909e-07
1.45104e-07
3.37462e-07
8.80201e-07
1.00059e-07
2.80137e-07
6.89238e-07
3.83483e-07
4.10663e-07
5.69403e-07
1.85854e-07
8.76371e-07
1.14925e-06
3.97042e-07
6.90889e-07
2.88645e-07
5.16711e-07
3.70103e-07
1.57647e-07
7.7758e-07
7.7849e-07
2.89998e-07
5.10001e-07
3.34341e-07
4.35885e-07
7.66443e-07
4.14213e-07
6.12444e-07
2.55384e-07
5.48166e-07
2.88297e-07
4.97562e-07
2.34492e-07
5.30618e-07
4.41316e-07
4.11923e-07
4.72747e-07
1.19149e-06
4.97086e-07
2.49124e-07
8.28962e-07
5.75202e-07
9.84485e-07
7.2736e-07
4.74298e-07
3.73394e-07
8.65766e-07
3.34822e-07
4.60123e-07
2.40349e-07
2.46411e-07
3.53133e-07
8.7879e-07
7.7563e-07
2.45589e-07
7.89774e-07
1.78245e-07
1.52941e-07
2.97165e-07
4.92395e-07
1.56224e-07
5.02725e-07
3.44295e-07
7.35667e-07
8.11759e-07
4.07837e-07
1.02072e-06
7.65075e-07
1.94439e-07
3.20453e-07
7.11921e-07
3.8134e-07
2.78726e-07
1.88094e-07
4.70739e-07
5.83648e-07
2.04033e-07
5.30269e-07
2.3498e-07
8.93581e-07
6.71826e-07
2.97561e-07
1.60085e-07
6.00982e-07
2.72877e-07
4.45161e-07
2.32817e-07
6.44577e-07
1.38479e-07
5.96059e-07
2.14871e-07
1.53577e-07
3.49935e-07
5.13249e-07
3.79386e-07
5.45212e-07
5.26091e-07
3.82569e-07
4.14865e-07
2.88669e-07
4.00674e-07
2.80575e-07
5.4772e-07
4.83992e-07
3.35423e-07
4.18097e-07
3.20457e-07
6.00904e-07
1.97319e-07
3.13693e-07
5.56984e-07
1.53879e-07
4.65518e-07
1.20381e-06
9.377e-07
2.50818e-07
2.61195e-07
3.46462e-07
3.15573e-07
7.20666e-07
1.35076e-07
3.97759e-07
1.75299e-07
7.20197e-07
3.1065e-07
3.45199e-07
1.05769e-06
4.20051e-07
5.45603e-07
4.2597e-07
7.60695e-07
4.14171e-07
4.50475e-07
2.4731e-07
1.07271e-06
8.75305e-07
4.43602e-07
2.33395e-07
2.95138e-07
8.50474e-07
4.27799e-07
5.03256e-07
1.66043e-07
2.98189e-07
6.43062e-07
8.82654e-07
5.21432e-07
9.25974e-07
1.64372e-07
4.10985e-07
5.58813e-07
3.46028e-07
3.91697e-07
1.61419e-07
6.83385e-07
2.86312e-07
2.45349e-07
5.91137e-07
5.13183e-07
5.43127e-07
3.59653e-07
3.68723e-07
2.609e-07
2.59005e-07
4.38765e-07
1.45914e-07
3.09829e-07
6.09897e-07
9.60972e-07
4.204e-07
3.08844e-07
3.09565e-07
6.99847e-07
4.79821e-07
1.93777e-07
4.10151e-07
6.37333e-07
4.05709e-07
2.20817e-07
1.15691e-06
5.74496e-07
3.18166e-07
5.06671e-07
4.30327e-07
4.92969e-07
5.26316e-07
1.89416e-07
3.63192e-07
8.77867e-07
5.08861e-07
4.4092e-07
4.17206e-07
3.43094e-07
2.60144e-07
2.04835e-07
3.50048e-07
3.16844e-07
1.28742e-06
7.08041e-07
1.98482e-07
3.22903e-07
3.19116e-07
3.1986e-07
2.32395e-07
4.388e-07
5.73655e-07
3.26194e-07
2.32236e-07
5.4503e-07
7.5245e-07
7.75327e-07
9.67542e-07
3.75367e-07
2.42434e-07
7.91983e-07
3.47819e-07
2.0413e-07
7.27856e-07
4.44548e-07
3.40652e-07
2.92777e-07
3.08856e-07
5.58775e-07
4.05802e-07
2.52124e-07
2.47415e-07
3.88596e-07
3.27864e-07
5.75578e-07
8.67297e-07
9.41804e-07
4.30342e-07
4.03915e-07
2.12785e-07
5.51898e-07
2.86448e-07
4.87182e-07
3.86898e-07
7.60199e-07
3.59343e-07
2.25484e-07
5.17459e-07
1.22973e-06
1.95091e-07
2.40566e-07
3.3271e-07
3.54963e-07
5.24808e-07
2.5728e-07
2.20848e-07
5.56116e-07
6.28755e-07
2.68776e-07
1.76485e-07
1.07194e-06
2.69319e-07
2.94638e-07
8.06139e-07
4.75604e-07
9.2885e-07
1.31861e-06
3.55141e-07
7.49012e-07
4.66119e-07
7.89766e-08
2.87514e-07
3.8903e-07
9.55472e-07
3.98515e-07
1.8542e-07
8.93155e-07
1.13588e-06
2.40097e-07
6.32732e-07
3.48594e-07
2.90704e-07
6.72776e-07
2.96371e-07
2.86231e-07
1.39908e-06
2.93828e-07
4.79581e-07
3.7546e-07
4.44699e-07
4.65251e-07
2.76393e-07
2.97204e-07
2.9589e-07
9.2409e-07
2.13049e-07
1.15051e-06
2.50911e-07
1.07413e-06
4.84744e-07
4.88333e-07
3.42043e-07
3.11778e-07
4.72763e-07
1.44259e-07
7.91231e-07
6.18793e-07
4.46141e-07
4.57359e-07
1.17308e-07
2.54873e-07
3.17903e-07
3.9681e-07
5.46755e-07
3.59471e-07
3.2983e-07
2.28945e-07
2.97979e-07
7.00351e-07
3.84584e-07
2.16894e-07
2.86839e-07
4.30567e-07
2.41655e-07
3.00456e-07
7.98088e-07
1.79291e-07
5.49053e-07
4.29485e-07
7.305e-07
2.31302e-07
5.40557e-07
6.2896e-07
3.59002e-07
6.86622e-07
2.91932e-07
2.6166e-07
2.39616e-07
5.86915e-07
3.54792e-07
6.83936e-07
2.90448e-07
3.11158e-07
4.77058e-07
5.74554e-07
1.80264e-07
3.37594e-07
2.13064e-07
5.03923e-07
5.25323e-07
3.29915e-07
4.98074e-07
4.24958e-07
2.60276e-07
6.79974e-07
5.84551e-07
1.81392e-07
4.6144e-07
2.08727e-07
1.1811e-07
1.0837e-06
4.36416e-07
3.20624e-07
3.15065e-07
3.81158e-07
3.42861e-07
4.38916e-07
5.30773e-07
3.78344e-07
4.69344e-07
7.63079e-07
5.82508e-07
3.70855e-07
4.64619e-07
1.9492e-07
6.80846e-07
2.79827e-07
1.85082e-07
1.66888e-07
4.33381e-07
2.41461e-07
2.96254e-07
5.14672e-07
2.24887e-07
8.97186e-07
4.04791e-07
2.25712e-07
1.74373e-07
4.05325e-07
3.24291e-07
5.36684e-07
2.68195e-07
4.57188e-07
2.15068e-07
6.84118e-07
2.7349e-07
1.95943e-07
2.35709e-07
5.80799e-07
5.93168e-07
2.35286e-07
1.69977e-07
2.10754e-07
1.3591e-07
1.98021e-07
2.36717e-07
2.68536e-07
4.15438e-07
1.33258e-07
5.71295e-07
2.64815e-07
1.09167e-06
4.50459e-07
2.67617e-07
3.10143e-07
4.7591e-07
4.4154e-07
1.55697e-07
5.8345e-07
6.3805e-07
3.43753e-07
2.50899e-07
2.0213e-07
1.695e-07
6.91858e-07
5.22145e-07
3.3183e-07
4.56254e-07
1.53914e-07
3.68273e-07
2.27503e-07
7.0394e-07
4.12791e-07
9.50157e-07
6.21235e-07
1.55779e-07
5.27769e-07
2.32546e-07
6.3148e-07
2.27398e-07
2.90456e-07
3.08391e-07
8.99105e-07
3.43036e-07
8.6615e-07
3.36772e-07
6.51678e-07
1.30107e-07
9.72697e-07
3.21038e-07
2.54473e-07
2.44101e-07
8.04945e-07
1.06728e-06
2.96588e-07
3.64354e-07
5.16354e-07
3.88677e-07
1.8116e-07
5.08086e-07
3.61963e-07
2.36775e-07
3.8001e-07
4.99303e-07
3.78665e-07
2.96688e-07
3.18996e-07
4.92465e-07
5.34928e-07
1.97428e-07
4.66026e-07
1.70694e-07
5.39564e-07
8.81588e-07
8.63991e-07
3.07398e-07
2.35492e-07
1.0262e-06
2.43884e-07
4.30509e-07
8.14729e-07
1.21985e-06
7.38531e-07
4.2621e-07
3.90883e-07
5.91342e-07
1.14414e-06
1.93327e-07
1.71776e-07
4.34327e-07
3.61583e-07
2.46101e-07
6.45938e-07
3.60723e-07
2.63261e-07
1.87129e-07
2.28728e-07
3.67847e-07
1.35336e-07
3.57951e-07
2.54915e-07
1.31452e-07
1.75473e-07
2.30057e-07
2.56714e-07
2.70179e-07
5.293e-07
6.4788e-07
2.927e-07
3.21531e-07
2.95227e-07
3.2688e-07
2.3379e-07
1.3432e-07
1.91152e-07
5.68756e-07
6.73609e-07
4.16093e-07
3.43671e-07
6.01269e-07
2.98173e-07
8.28532e-07
3.5185e-07
7.8151e-07
3.3445e-07
2.46205e-07
4.08512e-07
1.23607e-06
2.41593e-07
4.21745e-07
3.7051e-07
2.80525e-07
2.75153e-07
2.72048e-07
6.62613e-07
5.64302e-07
3.04557e-07
1.17182e-06
3.14635e-07
2.01482e-07
6.15739e-07
1.4089e-07
3.01774e-07
6.68826e-07
2.47213e-07
6.10645e-07
2.55287e-07
4.92116e-07
6.66694e-07
2.24123e-07
3.86348e-07
4.11353e-07
3.86976e-07
2.11808e-07
4.66352e-07
3.01669e-07
5.44487e-07
1.58244e-07
1.09175e-06
3.73359e-07
2.63187e-07
5.34087e-07
3.22062e-07
7.11332e-07
2.11591e-07
2.95805e-07
4.78523e-07
6.73191e-07
2.1106e-07
2.32937e-07
3.21601e-07
2.57799e-07
5.68775e-07
4.51145e-07
3.48164e-07
2.25057e-07
3.2631e-07
5.26254e-07
4.96686e-07
3.10627e-07
1.50023e-07
1.99502e-07
4.06752e-07
3.54486e-07
1.87121e-07
6.35728e-07
1.22548e-07
5.84218e-07
1.19019e-06
4.01442e-07
3.94007e-07
2.77629e-07
5.55298e-07
2.94688e-07
6.15932e-07
7.43562e-07
5.8685e-07
5.73271e-07
3.71037e-07
6.32321e-07
2.04521e-07
2.04266e-07
2.58908e-07
2.67761e-07
2.05134e-07
2.27224e-07
5.27882e-07
3.55846e-07
7.76983e-07
4.03663e-07
3.50133e-07
4.64766e-07
4.51126e-07
8.29787e-07
4.08384e-07
2.14355e-07
2.9682e-07
5.35343e-07
2.2955e-07
4.30462e-07
3.70397e-07
4.89922e-07
6.77121e-07
3.74964e-07
2.76567e-07
3.53885e-07
5.02318e-07
2.22193e-07
3.81929e-07
2.05924e-07
3.42896e-07
5.9071e-07
4.20911e-07
5.82652e-07
3.77126e-07
3.53656e-07
6.81408e-07
2.79443e-07
1.63965e-07
3.43357e-07
1.00977e-06
1.99905e-07
6.77978e-07
3.41113e-07
3.60021e-07
6.11389e-07
3.0627e-07
7.82948e-07
4.99555e-07
8.93302e-07
5.58914e-07
5.00795e-07
5.11722e-07
3.57164e-07
2.39244e-07
2.837e-07
3.90081e-07
5.36146e-07
3.14201e-07
1.73407e-07
6.71671e-07
8.09926e-07
5.88334e-07
3.53765e-07
2.52163e-07
8.17868e-07
3.3426e-07
1.0586e-06
2.76335e-07
2.55826e-07
4.53386e-07
3.08325e-07
4.02581e-07
5.29544e-07
4.34141e-07
6.72098e-07
1.13145e-06
7.6723e-07
5.43134e-07
3.39028e-07
7.22182e-07
6.8256e-07
2.75955e-07
4.67491e-07
6.61834e-07
1.87404e-07
4.50498e-07
2.08366e-07
1.04044e-06
3.51284e-07
5.26273e-07
2.15564e-07
4.31013e-07
3.8341e-07
3.27043e-07
1.1649e-07
7.57032e-07
3.34384e-07
8.4249e-07
9.68934e-07
4.59545e-07
6.13599e-07
2.5595e-07
1.6462e-07
3.88763e-07
3.98189e-07
7.3631e-07
5.03039e-07
9.90822e-08
5.01128e-07
4.52599e-07
3.06398e-07
4.1157e-07
9.51623e-07
1.9566e-07
3.99255e-07
5.08319e-07
1.44441e-07
6.90575e-07
7.10697e-07
2.53648e-07
1.85881e-07
1.24425e-06
3.16468e-07
1.24266e-07
2.07925e-07
3.93015e-07
3.677e-07
1.78706e-07
5.74814e-07
3.72126e-07
6.38821e-07
1.02643e-06
1.27029e-07
3.5066e-07
3.2531e-07
3.0234e-07
2.70083e-07
5.23626e-07
1.68109e-07
2.41686e-07
7.18794e-07
5.36952e-07
9.76601e-07
4.22264e-07
1.68876e-07
1.06902e-06
1.61248e-07
1.90245e-07
4.69782e-07
2.60539e-07
7.45303e-07
2.66776e-07
1.36146e-06
2.05359e-07
1.92904e-07
3.88216e-07
4.6184e-07
3.47985e-07
5.44817e-07
9.3982e-07
5.08857e-07
4.91868e-07
3.23008e-07
8.05906e-07
2.2984e-07
3.47803e-07
3.80189e-07
5.43968e-07
3.3526e-07
1.4377e-06
6.31096e-07
4.65394e-07
9.78012e-07
6.73346e-07
2.97716e-07
6.2682e-07
